frame,res,X,Y
,[[-0.04802365  0.21460203 -0.9729728 ]],511,409
,[[-0.04313626  0.21855331 -0.97308185]],499,419
,[[-0.05191331  0.21950129 -0.97184493]],519,422
,[[-0.0975153   0.18902099 -0.97608733]],625,349
,[[-0.05920465  0.21355884 -0.97283087]],538,406
,[[-0.07815042  0.22866535 -0.96977374]],584,445
,[[-0.05924732  0.22344876 -0.97160469]],541,430
,[[-0.06498023  0.22078046 -0.97212945]],554,423
,[[-0.08885352  0.22107087 -0.96948765]],613,422
,[[-0.06094069  0.21645332 -0.97252384]],548,410
,[[-0.05694165  0.22221717 -0.97210443]],541,425
,[[-0.01047653  0.24368824 -0.96966455]],434,476
,[[ 0.0316396   0.24498398 -0.96898443]],336,481
,[[ 0.04072493  0.24620622 -0.96802692]],316,483
,[[ 0.0207145   0.24424917 -0.9694231 ]],363,478
,[[ 0.02182045  0.25619297 -0.96553031]],359,507
,[[ 0.05346152  0.25331247 -0.96549809]],281,499
,[[ 0.06124274  0.25287296 -0.96490493]],260,498
,[[ 0.07271039  0.25635753 -0.96335215]],231,506
,[[ 0.05249489  0.24195191 -0.9673988 ]],277,469
,[[ 0.04402395  0.26270838 -0.96309373]],293,521
,[[ 0.02429012  0.26688846 -0.96214919]],339,532
,[[ 0.01857204  0.27978914 -0.95823031]],352,563
,[[ 0.00923321  0.25666018 -0.96461583]],373,504
,[[ 0.02399645  0.25434031 -0.96483197]],337,497
,[[ 0.03013037  0.25525774 -0.96568096]],321,502
,[[ 0.02671962  0.25510453 -0.96606804]],327,504
,[[ 0.01449527  0.25843944 -0.96464725]],354,518
,[[ 0.02443995  0.27121657 -0.96168476]],329,551
,[[ 0.01390061  0.25882326 -0.96547003]],353,518
,[[ 0.01192676  0.26582371 -0.96323604]],356,535
,[[-0.00689308  0.25050396 -0.9647499 ]],398,499
,[[-0.00450233  0.24018733 -0.96924242]],391,472
,[[-0.01907013  0.24493017 -0.96861594]],422,485
,[[-0.02276877  0.27209689 -0.96111829]],430,549
,[[-1.16119187e-04  2.83726717e-01 -9.58409155e-01]],373,584
,[[-0.00193172  0.25458549 -0.96642438]],375,512
,[[-0.01077348  0.25994506 -0.96514333]],393,524
,[[-0.00158918  0.25039984 -0.96705084]],367,499
,[[ 0.00168626  0.25581681 -0.96516519]],355,515
,[[ 0.00730387  0.26232712 -0.9639857 ]],339,529
,[[ 0.00661055  0.2477985  -0.96771772]],338,493
,[[-0.02878307  0.24671214 -0.96687714]],419,493
,[[ 0.01414174  0.25101697 -0.96741955]],318,501
,[[ 0.03111622  0.25073488 -0.96657332]],278,502
,[[ 0.01846556  0.25458358 -0.96601198]],307,511
,[[ 0.01615484  0.24362387 -0.96890471]],311,484
,[[-0.00371705  0.23991784 -0.97047128]],356,477
,[[-0.0107181   0.24022617 -0.9699755 ]],372,477
,[[-0.03413313  0.24876766 -0.96678285]],427,500
,[[-0.02430367  0.25345928 -0.96600908]],403,513
,[[-0.04679183  0.26260569 -0.96306055]],456,535
,[[-0.05413796  0.26407958 -0.96206392]],472,541
,[[-0.04827415  0.26383305 -0.96182388]],458,543
,[[-0.02571547  0.2393791  -0.96923592]],404,480
,[[-0.05313123  0.25729176 -0.96242397]],469,525
,[[-0.03197842  0.26526698 -0.96200523]],420,542
,[[-0.02119394  0.27026814 -0.96182205]],397,554
,[[-0.02700468  0.26195963 -0.9641872 ]],414,530
,[[-0.02255605  0.24832715 -0.96760243]],408,496
,[[-0.02420915  0.25752873 -0.96425094]],415,520
,[[-0.04159486  0.20738096 -0.97565969]],458,397
,[[-0.04056336  0.24660667 -0.96537169]],460,491
,[[-0.03504217  0.25796632 -0.96393621]],450,521
,[[-0.06128194  0.24792783 -0.96462635]],514,497
,[[-0.01838469  0.24455033 -0.9673444 ]],415,485
,[[ 0.01635851  0.25386149 -0.96348152]],332,509
,[[ 0.02900889  0.25739383 -0.96303987]],301,517
,[[-0.02106946  0.24610397 -0.96692467]],418,486
,[[ 0.00917032  0.24526796 -0.96775529]],345,483
,[[-0.00850756  0.23621066 -0.97006658]],384,460
,[[ 0.02011238  0.25136966 -0.96649308]],313,495
,[[-9.00800844e-04  2.71381105e-01 -9.60988621e-01]],361,547
,[[-0.00870116  0.27874643 -0.95921335]],377,564
,[[-0.01294537  0.2786425  -0.95865144]],385,561
,[[-5.93150559e-04  2.63544930e-01 -9.63212977e-01]],351,522
,[[ 0.00780504  0.26256933 -0.96298604]],329,516
,[[-0.00148674  0.28114932 -0.95840461]],350,562
,[[ 0.01397893  0.27233743 -0.96089404]],312,537
,[[ 0.03632661  0.27488481 -0.95909493]],256,543
,[[ 0.03700915  0.26713485 -0.96185524]],255,519
,[[ 0.02159815  0.26104027 -0.96458002]],293,496
,[[-0.00253849  0.25367331 -0.96641037]],350,478
,[[ 0.00975217  0.28276377 -0.95891813]],318,553
,[[ 0.05166807  0.26417095 -0.96199535]],215,501
,[[ 0.01942996  0.26159697 -0.96426269]],290,495
,[[ 0.02148481  0.24615109 -0.96865831]],286,451
,[[ 0.02721364  0.23662694 -0.97035244]],272,427
,[[ 0.0388206   0.24880906 -0.96645576]],242,460
,[[ 0.03368467  0.25280658 -0.96565994]],257,471
,[[ 0.01395548  0.25404735 -0.96603997]],308,475
,[[-0.02806782  0.2134706  -0.97573002]],414,371
,[[-0.03434866  0.21191089 -0.97553563]],439,367
,[[-0.05630571  0.2072038  -0.97653376]],498,364
,[[-0.02069982  0.24072577 -0.96991761]],431,454
,[[ 0.0157969   0.25304298 -0.96705581]],351,485
,[[ 0.04238814  0.26181591 -0.96310621]],296,513
,[[ 0.01793858  0.26313324 -0.9642654 ]],363,515
,[[ 0.03130541  0.2452973  -0.96760908]],338,470
,[[ 0.02704614  0.2375881  -0.96845778]],355,452
,[[ 0.01876377  0.25333318 -0.96594637]],380,489
,[[-0.00413465  0.25536073 -0.96561535]],439,491
,[[-0.01172266  0.2588504  -0.96436416]],461,501
,[[ 0.02951127  0.25367684 -0.96580685]],367,489
,[[ 0.03067717  0.27058614 -0.96067497]],367,533
,[[ 0.02631615  0.26077697 -0.96410792]],379,513
,[[ 0.02233842  0.26657012 -0.96262129]],390,530
,[[ 0.0420148   0.25115048 -0.96398174]],343,493
,[[ 0.04829689  0.24572509 -0.96536736]],328,480
,[[ 0.0339222   0.26803024 -0.96185829]],360,537
,[[ 0.04785125  0.26929189 -0.96082346]],325,538
,[[-0.04523366  0.22631623 -0.97257612]],545,427
,[[-0.11451911  0.20403358 -0.97172151]],707,374
,[[-0.16544313  0.20359766 -0.96376225]],829,377
,[[-0.22774045  0.17664414 -0.95481892]],981,315
,[[-0.23496983  0.1780112  -0.94901599]],1001,321
,[[-0.23223071  0.18682896 -0.94747221]],994,344
,[[-0.24149041  0.15292268 -0.95086463]],1014,260
,[[-0.23269059  0.15826966 -0.95077667]],993,273
,[[-0.23475504  0.14555569 -0.95174853]],998,240
,[[-0.20945418  0.14297442 -0.95908292]],934,230
,[[-0.21687912  0.16605813 -0.95624205]],954,287
,[[-0.251488    0.17696639 -0.94500717]],1044,316
,[[-0.23269747  0.1904814  -0.94826988]],998,350
,[[-0.24552923  0.17742406 -0.94613349]],1031,320
,[[-0.23098638  0.18304865 -0.94887307]],996,337
,[[-0.26110052  0.16855322 -0.94481396]],1072,304
,[[-0.2549737   0.19188189 -0.94379628]],1059,359
,[[-0.25879311  0.18501369 -0.94599564]],1068,342
,[[-0.27312727  0.17016971 -0.94451875]],1106,311
,[[-0.26563992  0.16580166 -0.94747948]],1086,299
,[[-0.26833609  0.17177512 -0.94441134]],1094,315
,[[-0.26460322  0.1678633  -0.94572278]],1083,305
,[[-0.25938961  0.17341543 -0.94658953]],1068,317
,[[-0.26869107  0.18155289 -0.94366952]],1092,339
,[[-0.26201568  0.19085535 -0.94297204]],1074,362
,[[-0.26533775  0.18537337 -0.94358405]],1081,349
,[[-0.27032038  0.16337351 -0.94541056]],1091,297
,[[-0.2680156   0.18340808 -0.94184738]],1085,346
,[[-0.2853587   0.18865184 -0.93681021]],1130,361
,[[-0.26231396  0.18881036 -0.944282  ]],1069,359
,[[-0.26289406  0.18199122 -0.94515821]],1071,343
,[[-0.26294235  0.18460736 -0.94519348]],1070,348
,[[-0.2612749   0.1662038  -0.94691442]],1065,305
,[[-0.26677828  0.16581508 -0.94234862]],1080,307
,[[-0.2556386   0.1544541  -0.94575123]],1051,277
,[[-0.24243043  0.1677078  -0.9481055 ]],1019,310
,[[-0.24400763  0.16102437 -0.95030238]],1019,291
,[[-0.24558414  0.16445617 -0.94999219]],1024,300
,[[-0.23423277  0.17850063 -0.95147198]],996,334
,[[-0.23124019  0.17927738 -0.95154903]],989,336
,[[-0.22931125  0.17579994 -0.95123748]],985,328
,[[-0.22268158  0.13554731 -0.95432015]],967,230
,[[-0.23282934  0.14456776 -0.9484129 ]],994,254
,[[-0.2466349   0.15116506 -0.94705517]],1028,271
,[[-0.21837022  0.1570173  -0.95378309]],956,282
,[[-0.21766155  0.1589609  -0.95767787]],950,283
,[[-0.21488313  0.15206283 -0.95900215]],943,267
,[[-0.24337677  0.15157498 -0.94965437]],1016,270
,[[-0.23790442  0.14989509 -0.95369204]],1001,265
,[[-0.23817391  0.15893989 -0.95086041]],1003,288
,[[-0.24785413  0.14056959 -0.95129166]],1025,244
,[[-0.23789363  0.14504252 -0.95485772]],999,253
,[[-0.26306711  0.14543826 -0.94775109]],1062,256
,[[-0.26583943  0.15200691 -0.9460241 ]],1071,273
,[[-0.26450575  0.1626106  -0.94590144]],1067,299
,[[-0.26182003  0.16140145 -0.94605124]],1060,296
,[[-0.26431471  0.15171509 -0.94749616]],1064,272
,[[-0.2617964   0.14557707 -0.94988247]],1056,255
,[[-0.26445972  0.13417113 -0.95072671]],1062,227
,[[-0.27478292  0.13246903 -0.94818339]],1088,225
,[[-0.29225584  0.13229904 -0.94286405]],1136,227
,[[-0.2569179   0.15312152 -0.94997666]],1045,274
,[[-0.2687928   0.14275935 -0.94583354]],1077,251
,[[-0.24325274  0.15875986 -0.95194445]],1011,286
,[[-0.27182207  0.14326795 -0.94513977]],1084,252
,[[-0.26983535  0.14189086 -0.94569724]],1079,249
,[[-0.27694834  0.14383837 -0.94394464]],1097,254
,[[-0.29042392  0.1556938  -0.93763932]],1134,285
,[[-0.29480961  0.1658131  -0.93632092]],1146,310
,[[-0.27806765  0.15549275 -0.94429468]],1100,283
,[[-0.28133484  0.15924895 -0.94299329]],1109,292
,[[-0.24456103  0.13866632 -0.95665613]],1013,239
,[[-0.24747167  0.17055234 -0.95217503]],1022,316
,[[-0.23287858  0.14873465 -0.9580376 ]],984,261
,[[-0.25741018  0.15845527 -0.94880646]],1047,287
,[[-0.25894334  0.15924791 -0.94686364]],1050,289
,[[-0.24849086  0.14795659 -0.95169817]],1023,261
,[[-0.25800844  0.15468095 -0.94574366]],1049,280
,[[-0.25614396  0.14978851 -0.94814476]],1042,266
,[[-0.26176027  0.14550962 -0.94715802]],1057,258
,[[-0.2654876   0.14286776 -0.94973957]],1066,251
,[[-0.23754198  0.15600389 -0.95468209]],997,279
,[[-0.25158324  0.14526316 -0.95195042]],1033,255
,[[-0.26934965  0.13906501 -0.94730344]],1079,242
,[[-0.26431867  0.14638879 -0.94718806]],1067,259
,[[-0.25734786  0.13969872 -0.95046123]],1048,242
,[[-0.26569328  0.14287827 -0.94696094]],1072,252
,[[-0.26868737  0.14134055 -0.94522339]],1079,248
,[[-0.27488457  0.14654816 -0.94305774]],1097,261
,[[-0.26863176  0.14791047 -0.94418451]],1081,264
,[[-0.27843721  0.16556117 -0.94026357]],1108,309
,[[-0.26024849  0.15679336 -0.94618775]],1061,287
,[[-0.25432343  0.14345633 -0.95164666]],1044,253
,[[-0.24740037  0.16874215 -0.94624209]],1031,315
,[[-0.25487684  0.17231617 -0.94562141]],1050,323
,[[-0.22662191  0.18191113 -0.94832681]],980,347
,[[-0.23543365  0.15586159 -0.95149929]],998,282
,[[-0.2244325   0.15988435 -0.95257987]],970,292
,[[-0.1910839   0.16299945 -0.96262935]],886,295
,[[-0.18664089  0.18007318 -0.9621349 ]],875,336
,[[-0.18594342  0.18736681 -0.96258693]],873,355
,[[-0.13425493  0.22162385 -0.96551022]],748,435
,[[-0.12348613  0.20943251 -0.96850536]],721,404
,[[-0.11225758  0.20342936 -0.97085774]],693,388
,[[-0.14354281  0.17050952 -0.96975202]],767,312
,[[-0.16475096  0.15958481 -0.96928319]],815,288
,[[-0.13453247  0.16970398 -0.96784132]],744,312
,[[-0.1356331   0.16196014 -0.97075037]],747,291
,[[-0.14375152  0.16993324 -0.9713972 ]],767,308
,[[-0.14440417  0.17996609 -0.97023533]],769,331
,[[-0.15589782  0.17733947 -0.96794599]],798,327
,[[-0.20896904  0.17015954 -0.96032152]],928,314
,[[-0.18529832  0.17473642 -0.9665321 ]],871,322
,[[-0.19991579  0.16404499 -0.96523916]],909,300
,[[-0.15889762  0.17335326 -0.97053342]],813,319
,[[-0.15957371  0.17393926 -0.97145383]],815,321
,[[-0.13866066  0.17997239 -0.97305095]],765,335
,[[-0.1660116   0.1789381  -0.96844045]],831,335
,[[-0.18399167  0.17025506 -0.96642719]],874,316
,[[-0.1787067   0.1767427  -0.96463712]],861,331
,[[-0.16402843  0.18517158 -0.96611936]],825,350
,[[-0.15186543  0.18920727 -0.96693294]],794,359
,[[-0.13978187  0.17211247 -0.97167615]],764,319
,[[-0.16310213  0.17085188 -0.96974906]],816,317
,[[-0.15045447  0.17855064 -0.97056244]],784,335
,[[-0.14801763  0.1623775  -0.97132907]],777,296
,[[-0.13435362  0.14683434 -0.97495874]],743,258
,[[-0.14467141  0.16922276 -0.97092465]],767,313
,[[-0.13748575  0.15791163 -0.9742945 ]],748,286
,[[-0.11624604  0.19037724 -0.96908455]],700,365
,[[-0.12292581  0.19801695 -0.96636579]],717,384
,[[-0.14418999  0.18669624 -0.96307213]],768,359
,[[-0.16147653  0.18515957 -0.96355338]],810,355
,[[-0.15905446  0.1802487  -0.96487159]],804,341
,[[-0.15274019  0.17852635 -0.96635812]],790,338
,[[-0.16852766  0.17482302 -0.96515278]],827,328
,[[-0.16236372  0.16991888 -0.96694098]],814,318
,[[-0.17478543  0.17226699 -0.96500894]],844,323
,[[-0.17127081  0.16376552 -0.96792109]],835,303
,[[-0.18410317  0.16035971 -0.96546845]],867,296
,[[-0.16618306  0.1580706  -0.96669144]],825,289
,[[-0.1494845   0.16526036 -0.96596847]],785,306
,[[-0.14536374  0.16609472 -0.96668689]],776,308
,[[-0.1438833   0.16348835 -0.96862199]],772,301
,[[-0.11242176  0.1750389  -0.97313596]],698,327
,[[-0.1212891   0.16412125 -0.97474238]],716,301
,[[-0.11377384  0.16391092 -0.97575861]],698,299
,[[-0.13623628  0.17238844 -0.96983905]],751,321
,[[-0.13398035  0.16237641 -0.97350946]],743,296
,[[-0.13537923  0.1637255  -0.97394173]],747,299
,[[-0.16188559  0.17383491 -0.96633447]],811,326
,[[-0.1634104   0.1746731  -0.96834284]],813,328
,[[-0.15834049  0.18202343 -0.96816127]],802,346
,[[-0.16297283  0.1961275  -0.95555495]],818,384
,[[-0.15495311  0.2020098  -0.95782601]],798,396
,[[-0.15939037  0.18980101 -0.96151825]],807,368
,[[-0.16292123  0.18992646 -0.9630378 ]],814,365
,[[-0.18714886  0.19455082 -0.95721624]],873,379
,[[-0.18366921  0.18362624 -0.95943225]],865,354
,[[-0.14391553  0.19043877 -0.96692129]],769,365
,[[-0.1505117   0.19589079 -0.96482686]],784,377
,[[-0.14876834  0.20064963 -0.96209468]],781,389
,[[-0.15541171  0.1758192  -0.96725698]],795,329
,[[-0.12185029  0.18345563 -0.9718188 ]],715,344
,[[-0.10952982  0.1882828  -0.97245871]],686,354
,[[-0.15090521  0.1778031  -0.96679537]],785,334
,[[-0.15264257  0.18320478 -0.96512793]],789,348
,[[-0.16771974  0.18424246 -0.96441451]],825,349
,[[-0.18254226  0.1887983  -0.96133355]],862,363
,[[-0.1615162   0.18680894 -0.96280266]],811,357
,[[-0.13392215  0.18422979 -0.96817419]],743,347
,[[-0.12562223  0.18298756 -0.97233413]],723,342
,[[-0.12863233  0.17443667 -0.9713923 ]],729,322
,[[-0.09268547  0.16983763 -0.97872676]],643,309
,[[-0.13127217  0.15798051 -0.97454394]],732,283
,[[-0.12090991  0.15801545 -0.97418652]],709,282
,[[-0.08956105  0.15810012 -0.97816038]],634,281
,[[-0.11108667  0.15181324 -0.97308765]],684,268
,[[-0.10925493  0.14611123 -0.9779879 ]],678,253
,[[-0.10575081  0.14594619 -0.9748639 ]],670,254
,[[-0.13725682  0.15287831 -0.96916886]],744,271
,[[-0.09992241  0.14381576 -0.97606335]],656,248
,[[-0.07725167  0.13340777 -0.97466663]],604,224
,[[-0.08274796  0.13397489 -0.97048565]],617,226
,[[-0.07361236  0.14056361 -0.97294108]],595,239
,[[-0.09710483  0.12065576 -0.9810486 ]],647,190
,[[-0.10515313  0.13221717 -0.9788889 ]],665,217
,[[-0.08620959  0.12461923 -0.98405926]],622,197
,[[-0.08440098  0.13383057 -0.98402378]],618,217
,[[-0.0820871   0.13411724 -0.98391493]],614,215
,[[-0.09832053  0.1346771  -0.98294825]],650,218
,[[-0.09148124  0.13542138 -0.9818234 ]],635,219
,[[-0.07416815  0.12395871 -0.98695251]],596,192
,[[-0.06011263  0.12408434 -0.9866914 ]],565,194
,[[-0.07329438  0.15225171 -0.98112712]],595,258
,[[-0.08077522  0.15759425 -0.97939105]],611,272
,[[-0.09924224  0.15549177 -0.97997855]],652,268
,[[-0.07676818  0.16441567 -0.97856378]],602,288
,[[-0.07514502  0.16536252 -0.97582514]],598,291
,[[-0.06847314  0.18096874 -0.97518117]],582,324
,[[-0.0549833   0.164853   -0.98210099]],550,288
,[[-0.05668587  0.18935022 -0.97743093]],553,346
,[[-0.05375761  0.20474272 -0.97513807]],546,385
,[[-0.06490458  0.22531107 -0.96990436]],571,438
,[[-0.0702156   0.25651131 -0.96300058]],585,519
,[[-0.11440091  0.25530258 -0.95985273]],691,524
,[[-0.1104025   0.25036408 -0.96177247]],680,511
,[[-0.12377036  0.2515919  -0.95976707]],713,513
,[[-0.127677    0.2460817  -0.96063036]],723,498
,[[-0.12053358  0.26039972 -0.95752075]],708,534
,[[-0.07846271  0.25912146 -0.9626259 ]],608,528
,[[-0.04349399  0.29406647 -0.95470048]],522,633
,[[-0.01760866  0.27186426 -0.96189842]],458,574
,[[-0.0175941   0.25951001 -0.96535639]],458,542
,[[-0.0255236   0.24206639 -0.9697143 ]],475,499
,[[-0.02445214  0.26142886 -0.96169713]],479,533
,[[-0.00675834  0.24513033 -0.9641495 ]],434,493
,[[-0.01288426  0.24031789 -0.96419234]],447,483
,[[-0.00576611  0.24165456 -0.96561156]],428,486
,[[-0.00207256  0.23856007 -0.96695361]],417,478
,[[ 0.02622157  0.24226588 -0.96806428]],350,483
,[[ 0.00953709  0.22748606 -0.96999402]],387,448
,[[-0.00283063  0.21411282 -0.9715188 ]],413,418
,[[-0.00359445  0.21367533 -0.97443621]],413,416
,[[-0.03860714  0.20644072 -0.97551503]],494,396
,[[-0.09775346  0.21604306 -0.96837254]],632,421
,[[-0.11057045  0.18876049 -0.97370527]],660,354
,[[-0.09861867  0.17956832 -0.97795922]],631,330
,[[-0.06130015  0.18400822 -0.97953462]],546,336
,[[-0.05460341  0.19030118 -0.97857571]],532,350
,[[-0.07753763  0.18031945 -0.97915762]],584,327
,[[-0.0747649   0.2018355  -0.97510666]],579,378
,[[-0.07352195  0.22458785 -0.96873817]],578,438
,[[-0.10648073  0.22972687 -0.96556645]],656,455
,[[-0.11733256  0.21628965 -0.96922065]],682,425
,[[-0.1210283   0.21074371 -0.96963882]],690,411
,[[-0.11728123  0.22320293 -0.96691871]],684,437
,[[-0.13957774  0.26177216 -0.95488469]],742,536
,[[-0.12099945  0.27849852 -0.95150959]],698,576
,[[-0.10815146  0.27134232 -0.9561003 ]],667,555
,[[-0.05582083  0.27247903 -0.95980133]],542,555
,[[-0.0349014   0.26190789 -0.96272973]],493,524
,[[-0.03936371  0.22395439 -0.9708026 ]],502,433
,[[-0.03164249  0.25793297 -0.96004275]],485,517
,[[-0.0094286   0.24354807 -0.96723652]],432,478
,[[ 0.00549719  0.24823791 -0.9655457 ]],397,489
,[[-0.00190789  0.23273977 -0.96983928]],414,454
,[[ 0.0250961   0.22607531 -0.97276964]],351,434
,[[ 0.00201534  0.22776451 -0.97035199]],403,439
,[[ 0.0037708   0.20996369 -0.97661755]],398,397
,[[-0.00854838  0.20797193 -0.97651194]],427,395
,[[ 0.02052215  0.22122528 -0.9725013 ]],357,428
,[[ 0.02618053  0.21216065 -0.97543139]],344,404
,[[ 0.02113594  0.22039594 -0.97401215]],357,423
,[[ 0.01780523  0.22426646 -0.97367284]],364,432
,[[ 0.01561724  0.21064348 -0.97569195]],370,398
,[[ 0.01246167  0.20050935 -0.97799773]],378,375
,[[ 0.0260077   0.22748981 -0.97278777]],345,442
,[[ 0.00981805  0.2130369  -0.97657819]],379,411
,[[ 0.00512771  0.22929051 -0.97266379]],392,450
,[[ 0.02190375  0.22319493 -0.97375018]],350,438
,[[ 2.08667190e-04  2.24583251e-01 -9.73459956e-01]],402,440
,[[ 0.00315722  0.2229657  -0.97381649]],396,432
,[[ 0.00730004  0.21120325 -0.97602731]],388,400
,[[ 0.01565069  0.21627191 -0.97551785]],368,413
,[[-0.04546109  0.20602178 -0.97674426]],515,383
,[[-0.05379997  0.19129117 -0.97761561]],533,348
,[[-0.05807656  0.20337498 -0.97593436]],543,376
,[[-0.03358654  0.19055759 -0.98006976]],487,342
,[[-0.03168623  0.19745448 -0.97890537]],480,363
,[[-0.03400948  0.21168936 -0.97564742]],486,395
,[[-0.04555088  0.21089604 -0.9754844 ]],513,392
,[[-0.05608808  0.19674225 -0.97808324]],536,360
,[[-0.04448688  0.19165826 -0.97748593]],510,349
,[[-0.04634092  0.19092898 -0.97831652]],515,346
,[[-0.02461511  0.19280039 -0.97872054]],463,352
,[[-0.01093894  0.20949515 -0.97706284]],429,396
,[[ 6.38451456e-05  2.20028463e-01 -9.73308393e-01]],402,423
,[[ 0.00717258  0.21962942 -0.97458887]],385,422
,[[-0.00359268  0.22481749 -0.97393578]],410,435
,[[-0.02172885  0.23041383 -0.97273558]],450,451
,[[ 0.00557738  0.2197785  -0.97479902]],384,426
,[[-0.05625123  0.22508014 -0.9727148 ]],529,445
,[[-0.01062033  0.19898724 -0.97834915]],425,373
,[[-0.03742488  0.19444704 -0.97901355]],489,359
,[[-0.06712374  0.17823504 -0.97756969]],558,321
,[[-0.06711634  0.19083826 -0.97477415]],558,352
,[[-0.0252231   0.18399515 -0.98049047]],459,336
,[[-0.05951848  0.18088561 -0.97926055]],539,328
,[[-0.07071471  0.19790317 -0.97501414]],566,368
,[[-0.03984733  0.22880944 -0.9704578 ]],496,442
,[[-0.03840882  0.20639609 -0.97466831]],493,386
,[[-0.04203795  0.20518967 -0.97527387]],501,383
,[[-0.07326641  0.19643328 -0.97657828]],575,356
,[[-0.16675202  0.20188936 -0.9635937 ]],795,377
,[[-0.21336646  0.17404145 -0.9580747 ]],907,313
,[[-0.22941107  0.13954714 -0.9571452 ]],944,232
,[[-0.2889207   0.13358693 -0.9425887 ]],1095,225
,[[-0.26605687  0.11104203 -0.9526767 ]],1034,167
,[[-0.2635683  0.0889775 -0.9566463]],1022,114
,[[-0.25134953  0.08059275 -0.96233532]],992,92
,[[-0.24226182  0.08411896 -0.96436617]],969,100
,[[-0.24553281  0.08574963 -0.96338832]],978,105
,[[-0.26701708  0.1035426  -0.95510558]],1032,147
,[[-0.26697988  0.10926021 -0.95299074]],1032,160
,[[-0.26245493  0.09116806 -0.95771194]],1020,114
,[[-0.24132921  0.11346771 -0.96287777]],966,168
,[[-0.24689575  0.15348744 -0.9553562 ]],986,265
,[[-0.20804073  0.15552735 -0.96278657]],898,270
,[[-0.24357457  0.12789429 -0.95894726]],987,209
,[[-0.24321938  0.17368053 -0.95400374]],1006,326
,[[-0.23319153  0.10905805 -0.9655787 ]],965,161
,[[-0.24725977  0.1243982  -0.95891047]],1004,200
,[[-0.24987102  0.1406562  -0.95710618]],1014,238
,[[-0.24574806  0.11479075 -0.95796368]],1004,178
,[[-0.2184549   0.16343369 -0.95541444]],941,295
,[[-0.16278731  0.23457246 -0.95828817]],804,459
,[[-0.1280232   0.23495516 -0.96320338]],721,459
,[[-0.16934801  0.23680426 -0.95495918]],819,465
,[[-0.16879822  0.23782387 -0.95595211]],816,468
,[[-0.17239615  0.23703024 -0.95480042]],823,464
,[[-0.18947357  0.19538646 -0.96019705]],861,364
,[[-0.2313255   0.1749079  -0.95396654]],959,316
,[[-0.25295537  0.12619939 -0.9570041 ]],1009,203
,[[-0.26362777  0.09899405 -0.95558622]],1033,137
,[[-0.25933154  0.10051953 -0.95577795]],1022,141
,[[-0.25613032  0.07793717 -0.95866247]],1013,88
,[[-0.26662976  0.08689778 -0.95713001]],1039,108
,[[-0.25077586  0.07564804 -0.96184318]],1000,80
,[[-0.24805799  0.06047925 -0.96188308]],999,47
,[[-0.23261235  0.07475364 -0.96587427]],963,80
,[[-0.26027649  0.08363863 -0.95894996]],1032,102
,[[-0.26187643  0.07938375 -0.95594867]],1036,91
,[[-0.25298805  0.10053851 -0.9571776 ]],1013,139
,[[-0.24007028  0.09748555 -0.96150805]],982,132
,[[-0.2648299   0.09882923 -0.95536243]],1041,136
,[[-0.24178682  0.09440259 -0.95734957]],986,126
,[[-0.2364665   0.09029178 -0.95923675]],975,117
,[[-0.23191915  0.08490646 -0.96227986]],961,104
,[[-0.22619018  0.09205422 -0.96548081]],945,120
,[[-0.21775265  0.09309143 -0.96598185]],926,122
,[[-0.24001654  0.09090291 -0.96075178]],980,117
,[[-0.24914666  0.0856808  -0.95958302]],1000,106
,[[-0.2531209   0.09706933 -0.95800929]],1012,134
,[[-0.24041119  0.10194367 -0.96090392]],978,143
,[[-0.26445962  0.10203881 -0.95612125]],1039,143
,[[-0.28213612  0.09132909 -0.95278587]],1084,119
,[[-0.26192601  0.09359326 -0.95817498]],1032,125
,[[-0.25892825  0.10022047 -0.95645345]],1026,139
,[[-0.26510488  0.09182228 -0.95501177]],1041,121
,[[-0.26906574  0.09597128 -0.95343487]],1051,130
,[[-0.27690126  0.09766689 -0.95125511]],1071,135
,[[-0.28764677  0.09907332 -0.94763191]],1098,140
,[[-0.27908973  0.09883836 -0.94866712]],1079,140
,[[-0.29703358  0.08909162 -0.9457626 ]],1123,116
,[[-0.28624819  0.08528036 -0.94843318]],1091,106
,[[-0.29301488  0.09225082 -0.94615153]],1110,122
,[[-0.27421681  0.0883975  -0.95382552]],1060,111
,[[-0.27009427  0.08537556 -0.95596816]],1048,104
,[[-0.27700512  0.07773871 -0.95449406]],1060,86
,[[-0.2593622   0.07158246 -0.96107605]],1016,71
,[[-0.24561418  0.0878799  -0.96260264]],984,109
,[[-0.25224962  0.09644767 -0.95899791]],1001,129
,[[-0.2492396   0.08480308 -0.96053398]],993,102
,[[-0.22701123  0.08215086 -0.96582486]],939,95
,[[-0.23639786  0.07722808 -0.96428059]],960,83
,[[-0.223974    0.08415256 -0.96665114]],931,98
,[[-0.25027869  0.06992094 -0.96178595]],994,67
,[[-0.23884597  0.07479406 -0.96262722]],968,78
,[[-0.27265535  0.08405786 -0.95464682]],1052,103
,[[-0.26852069  0.08059771 -0.95646955]],1041,93
,[[-0.26152023  0.08517755 -0.95779538]],1024,103
,[[-0.25631439  0.09274382 -0.95850681]],1010,120
,[[-0.2496427   0.09181426 -0.96046186]],994,118
,[[-0.25983284  0.09144637 -0.95821399]],1018,118
,[[-0.24637254  0.07405752 -0.96335673]],985,76
,[[-0.24172188  0.07338089 -0.96483013]],973,74
,[[-0.25340693  0.06797022 -0.96205023]],1002,62
,[[-0.23629625  0.07218366 -0.96578306]],959,71
,[[-0.24978146  0.07995878 -0.9621178 ]],993,90
,[[-0.2507601   0.08394348 -0.96074851]],996,99
,[[-0.23742774  0.07255806 -0.96393926]],964,74
,[[-0.25130295  0.07016169 -0.96140139]],998,68
,[[-0.26296138  0.06985257 -0.95822002]],1027,68
,[[-0.2697542   0.0717876  -0.95445439]],1046,73
,[[-0.27122446  0.07421426 -0.95356278]],1049,78
,[[-0.26960751  0.07376807 -0.95412035]],1045,77
,[[-0.26918052  0.0706886  -0.95420977]],1044,70
,[[-0.25160132  0.05990824 -0.96003413]],999,44
,[[-0.25878939  0.06653666 -0.95795015]],1017,60
,[[-0.24872532  0.07379559 -0.95949944]],992,77
,[[-0.26625624  0.09061097 -0.95131362]],1039,118
,[[-0.27298634  0.11762027 -0.94671065]],1060,185
,[[-0.26750939  0.17890495 -0.94310633]],1048,332
,[[-0.28409188  0.21032209 -0.92818093]],1101,417
,[[-0.28034017  0.21628382 -0.93056887]],1090,433
,[[-0.2544781   0.21338721 -0.93949045]],1021,418
,[[-0.24484004  0.21250217 -0.94174994]],996,415
,[[-0.23274391  0.22458873 -0.94116727]],968,447
,[[-0.22516059  0.22589769 -0.94196918]],950,451
,[[-0.24857693  0.21419437 -0.93843686]],1008,424
,[[-0.22727301  0.23212224 -0.93843056]],956,466
,[[-0.24677796  0.21947103 -0.93915283]],1003,435
,[[-0.24909371  0.222226   -0.93869687]],1008,438
,[[-0.24238151  0.22589763 -0.94187243]],991,446
,[[-0.24647319  0.24459723 -0.93641822]],1006,493
,[[-0.21711905  0.19562961 -0.95327522]],927,366
,[[-0.19198128  0.19455725 -0.95842706]],866,362
,[[-0.20075719  0.20041152 -0.9569709 ]],890,377
,[[-0.22769717  0.20323625 -0.94743841]],961,388
,[[-0.23285253  0.21556484 -0.94530866]],978,420
,[[-0.24261948  0.22275616 -0.94156982]],1005,440
,[[-0.24031266  0.22676257 -0.94172278]],1000,449
,[[-0.2480053   0.23484992 -0.9359118 ]],1021,474
,[[-0.24768342  0.22166855 -0.937868  ]],1018,439
,[[-0.24133869  0.21593473 -0.94051661]],1000,424
,[[-0.22822439  0.21055352 -0.94433626]],965,411
,[[-0.2520309   0.19753855 -0.94139115]],1022,381
,[[-0.242125    0.2005269  -0.94255503]],996,388
,[[-0.21066418  0.21980533 -0.94742179]],915,430
,[[-0.22291242  0.21902583 -0.94681656]],941,428
,[[-0.23168295  0.21705599 -0.94357738]],963,424
,[[-0.22614583  0.19543792 -0.9492475 ]],944,372
,[[-0.23931356  0.20191587 -0.94426663]],978,391
,[[-0.21637069  0.22838165 -0.94400405]],923,454
,[[-0.20943408  0.21819451 -0.94879712]],904,425
,[[-0.19782054  0.21672562 -0.95034297]],875,422
,[[-0.20371949  0.2026315  -0.95231698]],890,388
,[[-0.19479617  0.19480365 -0.95470288]],869,368
,[[-0.2346028   0.18514784 -0.94616607]],972,353
,[[-0.2408238   0.18953431 -0.94738505]],986,359
,[[-0.22411711  0.18266148 -0.95101776]],947,343
,[[-0.22051201  0.19883481 -0.94801709]],940,381
,[[-0.21580477  0.20647952 -0.94782875]],929,397
,[[-0.21006021  0.2157028  -0.94654253]],917,421
,[[-0.20627581  0.21336913 -0.94962661]],908,413
,[[-0.21799001  0.20702993 -0.94577778]],937,400
,[[-0.22309035  0.23393352 -0.93883937]],953,469
,[[-0.21881147  0.234595   -0.94128977]],940,468
,[[-0.22026117  0.21939474 -0.94171053]],945,435
,[[-0.21355781  0.24240404 -0.93825859]],930,492
,[[-0.20214291  0.21737958 -0.95114902]],895,422
,[[-0.19556315  0.22914195 -0.94864124]],880,453
,[[-0.19952569  0.22098369 -0.9491017 ]],888,433
,[[-0.21955725  0.22183561 -0.94506353]],938,437
,[[-0.22502065  0.21825855 -0.9449842 ]],952,431
,[[-0.22309586  0.22540216 -0.94407593]],948,447
,[[-0.22428234  0.23741947 -0.94085318]],951,478
,[[-0.22256847  0.22734502 -0.94350964]],947,453
,[[-0.21580662  0.21905858 -0.94582061]],930,432
,[[-0.21666995  0.21937582 -0.94750393]],931,431
,[[-0.21936691  0.21739995 -0.94717798]],938,426
,[[-0.22035161  0.22202042 -0.94516762]],942,438
,[[-0.21932779  0.20898108 -0.94527411]],939,406
,[[-0.22463671  0.21737345 -0.9421272 ]],953,427
,[[-0.24472892  0.21230164 -0.94045922]],1003,419
,[[-0.22020627  0.20233226 -0.94537438]],942,391
,[[-0.21070461  0.20073072 -0.94804637]],919,386
,[[-0.24399212  0.19440477 -0.9424055 ]],1002,376
,[[-0.23775944  0.21503345 -0.94089442]],987,425
,[[-0.24547737  0.2124861  -0.94042881]],1006,418
,[[-0.24859365  0.20492766 -0.94089471]],1013,400
,[[-0.27727052  0.21071837 -0.92729535]],1091,424
,[[-0.25126979  0.2080477  -0.9367844 ]],1022,411
,[[-0.25278093  0.20894662 -0.93740688]],1023,412
,[[-0.23029581  0.19381872 -0.94628645]],964,372
,[[-0.23333612  0.1955914  -0.94421596]],972,376
,[[-0.23004537  0.22800487 -0.93782837]],967,456
,[[-0.2407576   0.23338549 -0.93977896]],991,467
,[[-0.21554248  0.22727085 -0.94623014]],928,453
,[[-0.23009246  0.22477445 -0.94293444]],964,447
,[[-0.23746819  0.23177117 -0.939371  ]],985,468
,[[-0.2676086   0.24642881 -0.92611932]],1065,509
,[[-0.24347857  0.24648419 -0.93501095]],1000,503
,[[-0.26221862  0.24173575 -0.93039347]],1048,496
,[[-0.253242    0.2183594  -0.93605024]],1025,436
,[[-0.24470361  0.22638704 -0.93759801]],1002,454
,[[-0.22313327  0.23170367 -0.94105094]],950,466
,[[-0.23731723  0.2296805  -0.93851163]],985,461
,[[-0.24602066  0.23765719 -0.93026922]],1011,485
,[[-0.24940025  0.22635266 -0.93328459]],1017,456
,[[-0.25593261  0.23002152 -0.93023988]],1035,467
,[[-0.25580095  0.2353398  -0.93222676]],1032,476
,[[-0.24576869  0.23217403 -0.93444858]],1006,467
,[[-0.24477647  0.21804528 -0.93752932]],1002,433
,[[-0.2367507   0.22445739 -0.93967854]],982,449
,[[-0.21993048  0.24801024 -0.93533889]],943,506
,[[-0.2147058   0.24933602 -0.93734283]],929,508
,[[-0.21712351  0.25596517 -0.93605084]],937,527
,[[-0.22911863  0.2366132  -0.93893185]],963,477
,[[-0.23171139  0.24745683 -0.93633633]],968,501
,[[-0.17656398  0.20429641 -0.96131891]],826,389
,[[-0.04979701  0.22460584 -0.97169629]],527,430
,[[-0.03779571  0.23980521 -0.9684757 ]],498,465
,[[-0.02092755  0.22148996 -0.9734918 ]],458,422
,[[-0.00637791  0.22034795 -0.96834428]],424,422
,[[ 0.00509922  0.21469689 -0.97207301]],397,405
,[[ 0.01339234  0.2156192  -0.973452  ]],378,404
,[[ 0.0312567   0.2065819  -0.97712814]],336,384
,[[ 0.02124586  0.20154452 -0.97771327]],359,371
,[[ 0.01540622  0.1795921  -0.98004296]],372,322
,[[ 0.02611357  0.19762395 -0.9761748 ]],349,362
,[[ 0.02940414  0.21038457 -0.97456799]],341,391
,[[ 0.04217329  0.20682956 -0.97399869]],310,382
,[[ 0.04648848  0.22574535 -0.97123777]],301,426
,[[ 0.05880455  0.20436609 -0.97517588]],273,374
,[[ 0.05645806  0.19413843 -0.97489869]],279,348
,[[ 0.06786784  0.19550995 -0.97534667]],253,352
,[[ 0.08671135  0.1900355  -0.97469122]],210,339
,[[ 0.07469922  0.20249079 -0.97209458]],239,368
,[[ 0.06438315  0.18606895 -0.97676694]],266,328
,[[ 0.05777294  0.18299708 -0.9790749 ]],281,321
,[[ 0.08709329  0.18733568 -0.97651445]],214,333
,[[ 0.0921515   0.1913648  -0.97310378]],202,345
,[[ 0.08598922  0.18639305 -0.97674667]],219,332
,[[ 0.08667114  0.18240536 -0.97716668]],218,322
,[[ 0.06691517  0.17600673 -0.97790394]],264,306
,[[ 0.08285737  0.18019062 -0.97710511]],225,317
,[[ 0.08900788  0.1801811  -0.97636968]],209,318
,[[ 0.06179842  0.16301512 -0.9821699 ]],270,277
,[[ 0.07567024  0.1651269  -0.98172268]],237,281
,[[ 0.08165212  0.16762457 -0.98056074]],221,288
,[[ 0.09441237  0.15879513 -0.98094367]],188,269
,[[ 0.07974004  0.16207588 -0.9818475 ]],219,277
,[[ 0.09286814  0.17497435 -0.97888282]],189,307
,[[ 0.09955983  0.17187356 -0.97904543]],169,300
,[[ 0.07670328  0.17093562 -0.98172927]],223,297
,[[ 0.06692759  0.1785753  -0.97962811]],244,316
,[[ 0.0558441   0.16722574 -0.98024341]],270,290
,[[ 0.05685109  0.18744597 -0.97879391]],268,337
,[[ 0.07287173  0.17844286 -0.97898206]],232,316
,[[ 0.06067272  0.18648984 -0.97936828]],262,334
,[[ 0.05954332  0.1639706  -0.98247963]],265,282
,[[ 0.06684504  0.16659721 -0.9817032 ]],251,286
,[[ 0.06307943  0.17297443 -0.98152192]],261,301
,[[ 0.06511563  0.19098935 -0.97663068]],256,346
,[[ 0.06958591  0.1803371  -0.97694123]],247,321
,[[ 0.06298643  0.16169881 -0.98184503]],264,276
,[[ 0.06738059  0.16887722 -0.97932095]],253,294
,[[ 0.07196799  0.16540702 -0.97996603]],243,286
,[[ 0.0803764   0.16354628 -0.98016941]],224,280
,[[ 0.06995882  0.16861588 -0.97857779]],247,293
,[[ 0.06685974  0.18879587 -0.97505071]],253,342
,[[ 0.07581738  0.18757631 -0.97330114]],230,340
,[[ 0.05878634  0.17767536 -0.97694042]],271,315
,[[ 0.0635441   0.17810128 -0.97537746]],258,317
,[[ 0.06866499  0.16436762 -0.97741333]],246,285
,[[ 0.05328814  0.19260041 -0.97816046]],281,350
,[[-0.04938254  0.21083929 -0.97564562]],518,397
,[[-0.1264402   0.22026379 -0.96546015]],701,428
,[[-0.10120363  0.23073169 -0.9658708 ]],642,452
,[[-0.09587254  0.22418853 -0.96494417]],630,437
,[[-0.09983376  0.24675623 -0.96263177]],640,488
,[[-0.06361747  0.25474978 -0.96407571]],554,504
,[[-0.04110775  0.26152905 -0.96383833]],502,519
,[[-0.03292539  0.26611477 -0.96264933]],483,530
,[[-0.04085535  0.23278886 -0.97058047]],501,448
,[[-0.02297772  0.22843712 -0.97219283]],460,434
,[[ 0.01026347  0.22642426 -0.97273993]],383,429
,[[ 0.05114239  0.2078018  -0.97516434]],288,387
,[[ 0.07489122  0.20141015 -0.97588661]],233,371
,[[ 0.09092248  0.21990191 -0.97063533]],194,417
,[[ 0.08232531  0.2247666  -0.96988384]],213,429
,[[ 0.09042695  0.22371892 -0.97003374]],196,425
,[[ 0.08299048  0.21889433 -0.97148689]],213,412
,[[ 0.09833765  0.21024715 -0.97177789]],177,392
,[[ 0.10112281  0.19177312 -0.97498632]],171,349
,[[ 0.07781881  0.18154249 -0.97825217]],225,324
,[[ 0.0924343   0.159134   -0.98160763]],192,270
,[[ 0.08844588  0.18503953 -0.97684039]],199,332
,[[ 0.08301971  0.1989109  -0.97508706]],211,367
,[[ 0.07536662  0.18634609 -0.97767721]],228,337
,[[ 0.07733142  0.18712733 -0.97719672]],224,338
,[[ 0.05725758  0.18884531 -0.9780426 ]],271,340
,[[ 0.05789223  0.2077093  -0.97442882]],268,387
,[[ 0.04749412  0.19775342 -0.97807918]],294,362
,[[ 0.05357779  0.19883207 -0.97582014]],279,364
,[[ 0.06820368  0.19265702 -0.97643322]],246,349
,[[ 0.0552651   0.19330216 -0.97724284]],277,351
,[[ 0.06429068  0.19659035 -0.97547012]],255,360
,[[ 0.06139965  0.18817526 -0.97859685]],263,338
,[[ 0.0583804   0.19701897 -0.97611983]],269,360
,[[ 0.07718664  0.19338615 -0.97495204]],224,353
,[[ 0.04973861  0.18838829 -0.97862126]],290,338
,[[ 0.06976211  0.17481859 -0.97928044]],244,306
,[[ 0.0543534   0.19119795 -0.97547629]],278,347
,[[ 0.07194109  0.19931912 -0.97427487]],238,366
,[[ 0.08157308  0.20482136 -0.9728961 ]],216,378
,[[ 0.05851767  0.20807019 -0.97338286]],268,385
,[[ 0.05831634  0.1971186  -0.97547897]],270,358
,[[ 0.07068161  0.19392314 -0.97622484]],241,351
,[[ 0.05445884  0.18188019 -0.97808755]],279,322
,[[ 0.05715738  0.17674189 -0.97819013]],272,310
,[[ 0.06532703  0.1745854  -0.97639306]],252,307
,[[ 0.05241317  0.16992185 -0.97664963]],282,296
,[[ 0.02437793  0.18077552 -0.9765726 ]],347,321
,[[ 0.00480218  0.18614234 -0.97910909]],392,332
,[[-0.15436371  0.18209592 -0.96950817]],762,328
,[[-0.20167611  0.17232291 -0.96237476]],875,307
,[[-0.19712267  0.17220352 -0.96302751]],865,308
,[[-0.20526084  0.16968585 -0.96114162]],887,302
,[[-0.2160777   0.17211242 -0.95548411]],916,308
,[[-0.2309081   0.17742984 -0.95254465]],951,319
,[[-0.19815936  0.17936216 -0.9571219 ]],874,322
,[[-0.17569023  0.17278877 -0.96405449]],819,303
,[[-0.17847721  0.15748418 -0.9675233 ]],824,265
,[[-0.19030353  0.14561472 -0.96651954]],853,240
,[[-0.20503447  0.14972603 -0.96095726]],891,252
,[[-0.17910854  0.15461748 -0.96559442]],829,262
,[[-0.17713725  0.15259942 -0.96829592]],823,256
,[[-0.195126    0.14539697 -0.96674578]],865,241
,[[-0.20004374  0.15191838 -0.96348493]],878,257
,[[-0.21828354  0.14782499 -0.95972931]],923,249
,[[-0.20379139  0.1655018  -0.96095077]],887,290
,[[-0.17877421  0.15328576 -0.96575968]],826,261
,[[-0.17606269  0.13705208 -0.96902592]],817,221
,[[-0.17998184  0.1535306  -0.96459051]],828,262
,[[-0.16750251  0.15420678 -0.96588982]],797,264
,[[-0.16449037  0.15046012 -0.96871231]],788,254
,[[-0.15789349  0.16453238 -0.96855242]],773,286
,[[-0.18538944  0.14743636 -0.96980197]],835,246
,[[-0.18863355  0.13116726 -0.97048699]],843,208
,[[-0.18795643  0.13680486 -0.97024447]],842,222
,[[-0.18617781  0.12502383 -0.97037054]],838,194
,[[-0.18644745  0.12384428 -0.97177361]],839,191
,[[-0.19142337  0.12073966 -0.97225555]],851,185
,[[-0.1654855   0.12304734 -0.97736325]],790,189
,[[-0.18066206  0.1110764  -0.97292992]],827,162
,[[-0.18656908  0.12152882 -0.97086225]],841,187
,[[-0.19009177  0.12661589 -0.96895681]],852,200
,[[-0.18211602  0.12315462 -0.97101598]],834,191
,[[-0.18601152  0.12155483 -0.9706267 ]],842,188
,[[-0.18548073  0.12360155 -0.96909092]],842,192
,[[-0.18398124  0.11925783 -0.96666086]],840,182
,[[-0.17466962  0.12772625 -0.96800782]],818,202
,[[-0.18700213  0.11305075 -0.96739802]],846,168
,[[-0.16807064  0.11267016 -0.97180095]],800,166
,[[-0.19281652  0.1212717  -0.96548516]],860,186
,[[-0.17753465  0.13207418 -0.96942836]],823,213
,[[-0.17237643  0.1480466  -0.96646605]],811,249
,[[-0.16628904  0.13257784 -0.96900215]],796,214
,[[-0.17058148  0.13192322 -0.96755637]],806,211
,[[-0.14882964  0.13094767 -0.96804561]],755,209
,[[-0.15505226  0.13012169 -0.96918164]],769,208
,[[-0.14070114  0.14074851 -0.96961245]],737,231
,[[-0.13033957  0.13331023 -0.97425018]],711,214
,[[-0.15054908  0.13635668 -0.96946648]],759,221
,[[-0.13475402  0.14381615 -0.97281933]],722,239
,[[-0.12762511  0.13722279 -0.97568537]],705,222
,[[-0.14105207  0.14589944 -0.97438264]],736,243
,[[-0.14959603  0.16421828 -0.97207489]],756,287
,[[-0.15937512  0.23595031 -0.95791727]],785,463
,[[-0.1456122   0.22615756 -0.96268781]],750,438
,[[-0.14039253  0.23662992 -0.96113947]],739,465
,[[-0.13711527  0.25189083 -0.95779272]],733,502
,[[-0.08232578  0.27831578 -0.95663018]],603,566
,[[-0.10515088  0.2405163  -0.96476099]],655,470
,[[-0.12260631  0.18954537 -0.97153782]],694,347
,[[-0.09363461  0.19210449 -0.97193261]],627,354
,[[-0.10190486  0.17992022 -0.97521313]],645,324
,[[-0.14788011  0.17104459 -0.97080731]],752,302
,[[-0.11499368  0.19129763 -0.97313261]],676,352
,[[-0.09931143  0.17776017 -0.97449029]],639,318
,[[-0.1088371   0.18085967 -0.97099977]],661,327
,[[-0.11922691  0.17552397 -0.97412578]],684,313
,[[-0.12266497  0.17393837 -0.97402977]],693,310
,[[-0.11959729  0.16748376 -0.97657789]],685,293
,[[-0.12367788  0.16998758 -0.97480684]],694,299
,[[-0.1601119   0.16480754 -0.97109284]],779,289
,[[-0.14245702  0.15796619 -0.97130574]],738,272
,[[-0.14854707  0.13591652 -0.9757419 ]],751,221
,[[-0.12384914  0.14252107 -0.97821909]],693,235
,[[-0.16438835  0.12693308 -0.97520979]],788,200
,[[-0.14585478  0.12396337 -0.97678109]],744,192
,[[-0.1372652   0.13053768 -0.97574393]],725,207
,[[-0.15691839  0.13738417 -0.97225191]],771,223
,[[-0.17038078  0.13197193 -0.97024392]],804,212
,[[-0.15212724  0.12968241 -0.97235576]],761,206
,[[-0.16272383  0.13933548 -0.96760699]],788,230
,[[-0.18274758  0.15312998 -0.9617381 ]],836,263
,[[-0.17606662  0.1438861  -0.96647266]],819,241
,[[-0.16515936  0.15900886 -0.96931228]],794,276
,[[-0.17810724  0.16018945 -0.96572852]],824,279
,[[-0.17725215  0.14509288 -0.96432772]],823,244
,[[-0.15391543  0.14402133 -0.97023298]],766,240
,[[-0.10717258  0.17310187 -0.97295269]],655,303
,[[-0.14528757  0.15673905 -0.97249342]],743,267
,[[-0.17638519  0.15181213 -0.96973746]],815,257
,[[-0.17700318  0.15359552 -0.96815871]],817,262
,[[-0.16774374  0.14993132 -0.96837619]],795,253
,[[-0.17586824  0.14718453 -0.96656081]],814,248
,[[-0.14958359  0.14641985 -0.96672664]],752,245
,[[-0.07619031  0.10488495 -0.98571529]],577,145
,[[ 0.03558525  0.10935767 -0.9900878 ]],322,152
,[[ 0.06403949  0.12495055 -0.98359311]],256,189
,[[ 0.07669022  0.11031264 -0.98406915]],223,157
,[[ 0.06349273  0.1018873  -0.98729801]],257,136
,[[ 0.07411419  0.08846604 -0.98819478]],233,105
,[[ 0.06662813  0.07861883 -0.99090401]],251,81
,[[ 0.04214677  0.09452469 -0.99217081]],306,117
,[[ 0.04311847  0.10299779 -0.99192958]],304,136
,[[ 0.06411807  0.10269372 -0.99051707]],255,136
,[[ 0.04580443  0.11057977 -0.98961242]],298,153
,[[ 0.04926362  0.09489999 -0.99287933]],290,116
,[[ 0.06636646  0.11177319 -0.98974307]],252,154
,[[ 0.07380355  0.10597409 -0.9887897 ]],236,141
,[[ 0.07699268  0.09830867 -0.98860521]],230,123
,[[ 0.08740953  0.10774894 -0.98860877]],208,145
,[[ 0.09778175  0.10135746 -0.987684  ]],184,130
,[[ 0.10057316  0.09728776 -0.98843839]],178,121
,[[ 0.08295847  0.11309227 -0.98957296]],217,159
,[[ 0.10043927  0.08500942 -0.98831263]],179,94
,[[ 0.10432586  0.09531983 -0.98730894]],169,119
,[[ 0.11091938  0.10404711 -0.98616735]],154,138
,[[ 0.07914525  0.10909928 -0.9890106 ]],226,151
,[[ 0.07063572  0.11138235 -0.98940691]],245,156
,[[ 0.08286711  0.11163092 -0.98918227]],217,156
,[[ 0.04549496  0.09586779 -0.99133346]],298,120
,[[ 0.05635164  0.09533852 -0.98990218]],274,118
,[[ 0.05846605  0.11367474 -0.98673923]],268,161
,[[ 0.08106045  0.12206164 -0.98558744]],216,182
,[[ 0.0703893   0.13165194 -0.9855596 ]],241,202
,[[ 0.09749313  0.12427514 -0.98457215]],178,186
,[[ 0.0834207   0.13614431 -0.98520982]],211,213
,[[ 0.08719591  0.12655682 -0.98532537]],202,192
,[[ 0.06816909  0.11936281 -0.98707391]],247,175
,[[ 0.06518723  0.11575478 -0.9878901 ]],254,166
,[[ 0.06027657  0.08958165 -0.99173572]],266,107
,[[ 0.06410795  0.10414409 -0.98903319]],259,139
,[[ 0.04353653  0.08705016 -0.99170341]],306,100
,[[ 0.06013304  0.07900225 -0.9922771 ]],269,83
,[[ 0.05669994  0.08952793 -0.99096115]],277,106
,[[ 0.06563401  0.08859861 -0.99055316]],257,105
,[[ 0.06411303  0.0819377  -0.99018793]],261,89
,[[ 0.05660326  0.09152442 -0.99102165]],277,111
,[[ 0.04979546  0.08959235 -0.99150433]],293,105
,[[ 0.05062912  0.09959454 -0.99123391]],290,128
,[[ 0.05901886  0.10007573 -0.9912683 ]],271,129
,[[ 0.07571889  0.09451105 -0.99018015]],232,118
,[[ 0.04717261  0.08955262 -0.99141432]],297,106
,[[ 0.05480749  0.09975147 -0.99118495]],280,129
,[[ 0.04134512  0.10339365 -0.99074694]],311,138
,[[ 0.05698514  0.07166588 -0.99213766]],277,64
,[[ 0.05366348  0.09374118 -0.99126534]],283,115
,[[ 0.05311871  0.09369839 -0.99235439]],285,115
,[[ 0.05092431  0.07862028 -0.99359459]],290,80
,[[ 0.05142546  0.08507815 -0.99327993]],289,95
,[[ 0.03483592  0.0738662  -0.99434188]],326,69
,[[ 0.03285288  0.06585153 -0.9949315 ]],331,51
,[[ 0.02841004  0.08590165 -0.99147832]],340,97
,[[ 0.03394542  0.08217077 -0.99195373]],328,88
,[[ 0.03319777  0.08890155 -0.99164646]],330,103
,[[ 0.03729466  0.08645615 -0.99191369]],322,98
,[[ 0.04189868  0.09502511 -0.99163836]],310,118
,[[ 0.05518894  0.09217664 -0.99112552]],281,111
,[[ 0.05404239  0.09960463 -0.99063547]],283,129
,[[ 0.06214254  0.09178376 -0.98989597]],264,110
,[[ 0.06559081  0.08917165 -0.98903321]],257,105
,[[ 0.06331271  0.07365226 -0.99085401]],262,70
,[[ 0.06537389  0.07889715 -0.99029996]],258,81
,[[ 0.06837282  0.07576554 -0.99143903]],252,73
,[[ 0.06161671  0.08388514 -0.99302832]],266,92
,[[ 0.05580215  0.08732446 -0.99354733]],280,99
,[[ 0.06125898  0.07468701 -0.99381307]],268,70
,[[ 0.06526813  0.06525086 -0.99341621]],259,48
,[[ 0.06998588  0.07617392 -0.99352404]],248,73
,[[ 0.07196173  0.07828438 -0.992897  ]],242,79
,[[ 0.07947761  0.08400719 -0.99127334]],224,92
,[[ 0.08261996  0.08694305 -0.9904085 ]],217,99
,[[ 0.07967073  0.10528739 -0.98925965]],225,140
,[[ 0.06991988  0.1550885  -0.98447912]],245,256
,[[-0.00805388  0.21744939 -0.97452891]],422,405
,[[ 0.00879828  0.25391913 -0.96471581]],384,495
,[[ 0.00420605  0.23810714 -0.96753165]],396,456
,[[-0.00575613  0.24387602 -0.96786915]],418,469
,[[ 0.02786224  0.19314355 -0.97738983]],341,347
,[[ 0.04203862  0.18116106 -0.98156321]],308,317
,[[ 0.04868164  0.16564885 -0.98363375]],293,282
,[[ 0.04379981  0.14765616 -0.98655857]],306,239
,[[ 0.07067696  0.13543956 -0.98603624]],244,212
,[[ 0.0520873   0.1158622  -0.98943752]],286,166
,[[ 0.03210212  0.11195969 -0.98940957]],332,157
,[[ 0.04222567  0.11584832 -0.98914663]],309,166
,[[ 0.03673382  0.10830987 -0.98885785]],320,149
,[[ 0.05208802  0.09665872 -0.99000719]],285,123
,[[ 0.05764883  0.09301781 -0.99113993]],274,114
,[[ 0.07069832  0.09734087 -0.99011177]],243,124
,[[ 0.06148089  0.08393259 -0.99185431]],265,93
,[[ 0.05465484  0.08469723 -0.99260619]],280,94
,[[ 0.03762335  0.10006399 -0.99131029]],319,129
,[[ 0.04249763  0.10940605 -0.98882855]],307,151
,[[ 0.05234628  0.11304145 -0.98781879]],284,160
,[[ 0.04346687  0.12402746 -0.98893581]],305,185
,[[ 0.04127891  0.12404655 -0.98711332]],311,184
,[[ 0.03719517  0.12303707 -0.98805636]],321,182
,[[ 0.01670413  0.1215952  -0.98898186]],367,179
,[[ 0.01727824  0.11834201 -0.98971633]],366,172
,[[-0.03392829  0.13537468 -0.9853507 ]],483,210
,[[-0.0173072   0.1389642  -0.98454969]],445,218
,[[-0.00822154  0.14469771 -0.98087567]],426,232
,[[-0.0191713   0.13982884 -0.98132236]],450,220
,[[-0.05772647  0.14237077 -0.9813267 ]],540,225
,[[-0.0479271   0.16058551 -0.9785953 ]],518,268
,[[-0.06786806  0.13458522 -0.98303674]],563,208
,[[-0.05128224  0.12882364 -0.98134826]],527,195
,[[-0.02442214  0.14447666 -0.9806555 ]],466,230
,[[-0.0658913   0.15088341 -0.97578045]],562,246
,[[-0.0563354   0.12312854 -0.97774581]],540,183
,[[-0.03579656  0.13553555 -0.9780828 ]],493,211
,[[-0.04064688  0.13611599 -0.97575232]],505,213
,[[-0.04824579  0.14595271 -0.97489998]],523,236
,[[-0.05253586  0.14723319 -0.97584716]],533,240
,[[-0.05088918  0.14914155 -0.97656162]],528,244
,[[-0.03115495  0.20415337 -0.97562023]],483,373
,[[-0.07453357  0.1861268  -0.97958413]],582,334
,[[-0.13245847  0.21014738 -0.96803847]],719,397
,[[-0.11647973  0.23194379 -0.96475277]],682,450
,[[-0.06948762  0.2583735  -0.96233137]],572,516
,[[-0.09543034  0.26268667 -0.95930165]],633,523
,[[-0.08652292  0.24569637 -0.96547116]],611,480
,[[-0.0540131   0.27164385 -0.96067892]],535,543
,[[-0.05113507  0.22762603 -0.97083231]],527,431
,[[-0.05635047  0.18958085 -0.97721959]],539,340
,[[-0.04289076  0.17860669 -0.98028686]],508,311
,[[-0.03928484  0.17952489 -0.9793533 ]],500,316
,[[-0.04266711  0.19853754 -0.97600019]],509,359
,[[-0.04117493  0.18595105 -0.97801514]],506,329
,[[-0.02314653  0.18490964 -0.97839368]],464,327
,[[ 0.00131006  0.17952912 -0.97972716]],409,314
,[[-0.0219219   0.18867689 -0.97749787]],463,336
,[[-0.01763523  0.18910987 -0.9768439 ]],453,338
,[[-0.02367698  0.17495235 -0.97982524]],467,304
,[[-0.04327478  0.1590474  -0.98126745]],512,267
,[[-0.03195169  0.16451264 -0.98147322]],486,281
,[[-0.00962375  0.1682933  -0.98104047]],435,289
,[[-0.00832906  0.16714097 -0.98168209]],433,285
,[[ 0.00328215  0.16508262 -0.9821181 ]],406,280
,[[-0.00923281  0.16294605 -0.98192904]],436,273
,[[-0.02256997  0.16298687 -0.98002115]],467,275
,[[-0.02108327  0.15148681 -0.97934595]],463,249
,[[-0.04256071  0.15193928 -0.97893221]],513,250
,[[-0.03266687  0.15266327 -0.98068361]],490,250
,[[-0.02620902  0.16301297 -0.98091741]],476,274
,[[-0.03155514  0.15912193 -0.98073466]],488,264
,[[-0.00330889  0.13596037 -0.98407282]],422,211
,[[-0.01542755  0.1543998  -0.9799296 ]],451,254
,[[-0.01796726  0.15341902 -0.98074711]],457,252
,[[-0.03191549  0.13226146 -0.98061566]],489,202
,[[-0.02909525  0.13156129 -0.9830985 ]],482,200
,[[-0.03100693  0.14942476 -0.97839894]],488,244
,[[-0.03216578  0.15684885 -0.97797774]],491,261
,[[-0.02578032  0.16787061 -0.9783723 ]],476,285
,[[-0.01783889  0.16429677 -0.97658861]],457,278
,[[-0.02316532  0.16316413 -0.97628971]],470,274
,[[-0.03804507  0.16396974 -0.9770135 ]],505,276
,[[-0.04183516  0.14830189 -0.97781818]],513,242
,[[-0.0173448   0.15176779 -0.97916491]],455,247
,[[-0.01850194  0.15642512 -0.97890189]],459,259
,[[-0.01987544  0.15728344 -0.97699095]],462,261
,[[-0.03717904  0.1565009  -0.97818889]],502,259
,[[-0.05209495  0.14188226 -0.97952066]],536,224
,[[-0.02010204  0.14859051 -0.9794139 ]],460,241
,[[-0.02996056  0.14430755 -0.9789067 ]],483,231
,[[-0.03772975  0.15239026 -0.97838602]],501,250
,[[-0.02028235  0.13659931 -0.98274317]],461,212
,[[-0.04021466  0.13425948 -0.98007836]],507,207
,[[-0.02848347  0.13260761 -0.98037857]],480,204
,[[-0.02337515  0.12341475 -0.98144511]],469,183
,[[-0.04218631  0.1356537  -0.98072591]],512,210
,[[-0.03892874  0.13461705 -0.98200379]],505,208
,[[-0.04241639  0.1498324  -0.98080612]],514,243
,[[-0.02799512  0.14674388 -0.97551994]],482,237
,[[-0.01596447  0.14316061 -0.97780498]],454,229
,[[-0.01596801  0.13036452 -0.98068909]],453,199
,[[-0.01506849  0.12429089 -0.98217008]],451,184
,[[-0.0036981   0.11802171 -0.98479803]],425,169
,[[-0.0067413   0.11162996 -0.98464407]],433,154
,[[-0.01167818  0.11785107 -0.98422456]],444,169
,[[-0.01741096  0.12747156 -0.98147285]],456,191
,[[-0.04122805  0.14107587 -0.97883373]],511,222
,[[-0.02315373  0.13361039 -0.98070653]],469,206
,[[-0.03330974  0.13947854 -0.97749151]],491,220
,[[-0.03877655  0.1344834  -0.98079843]],503,207
,[[-0.02319351  0.14150485 -0.97841038]],468,225
,[[-0.03571484  0.13810183 -0.97501835]],496,219
,[[-0.02830947  0.14156514 -0.97921659]],480,224
,[[-0.03267638  0.13789156 -0.98056001]],489,216
,[[-0.02834239  0.14814911 -0.98175796]],480,239
,[[-0.05407189  0.15449055 -0.97641944]],540,255
,[[-0.03954373  0.13812278 -0.97613438]],507,217
,[[-0.05935722  0.1535129  -0.97412636]],553,253
,[[-0.07690687  0.14901993 -0.97299776]],594,244
,[[-0.08384039  0.14362037 -0.97385546]],609,232
,[[-0.07725631  0.15171853 -0.97429222]],595,250
,[[-0.07635804  0.15903099 -0.97346309]],593,267
,[[-0.07353844  0.19318008 -0.96997756]],587,349
,[[-0.07129246  0.19349195 -0.97187473]],582,347
,[[-0.07590238  0.18720345 -0.97470436]],592,331
,[[-0.08247613  0.18249658 -0.97511416]],607,319
,[[-0.09815304  0.18600357 -0.96918675]],646,330
,[[-0.09821318  0.18275058 -0.96751954]],648,321
,[[-0.09840074  0.18389307 -0.96806009]],649,323
,[[-0.10261424  0.1672308  -0.96789863]],660,285
,[[-0.12939579  0.18597347 -0.96398777]],725,330
,[[-0.10784163  0.17002914 -0.97135901]],673,290
,[[-0.12428161  0.17969555 -0.96896689]],712,314
,[[-0.13637581  0.1597318  -0.97189802]],741,265
,[[-0.1152551   0.16848532 -0.97072497]],693,288
,[[-0.11872974  0.1603409  -0.97194895]],701,268
,[[-0.12701462  0.18038797 -0.96433884]],722,319
,[[-0.11204969  0.1905607  -0.96547474]],686,341
,[[-0.09958992  0.19194385 -0.96737772]],656,345
,[[-0.09996274  0.1855344  -0.96984597]],656,328
,[[-0.10371463  0.1764035  -0.96933825]],664,308
,[[-0.12054303  0.17779893 -0.96833668]],703,312
,[[-0.12223832  0.18100229 -0.9721793 ]],704,316
,[[-0.10595402  0.17830582 -0.97100177]],666,312
,[[-0.1299417   0.17565531 -0.96771261]],723,306
,[[-0.09980738  0.1622456  -0.97406951]],651,273
,[[-0.11781777  0.16305752 -0.97417409]],692,275
,[[-0.0921845   0.15189078 -0.97451336]],633,250
,[[-0.11661329  0.17959331 -0.96836441]],691,316
,[[-0.10645554  0.1735273  -0.97044719]],666,301
,[[-0.12591634  0.15812001 -0.96947798]],713,266
,[[-0.10481252  0.17122889 -0.96915891]],664,297
,[[-0.09209728  0.16817187 -0.97442001]],634,286
,[[-0.09375569  0.17944836 -0.96930271]],639,315
,[[-0.09978136  0.17993699 -0.96835361]],654,318
,[[-0.09170562  0.17190335 -0.97381206]],634,295
,[[-0.07755309  0.17746447 -0.97313326]],602,309
,[[-0.0796006   0.16687596 -0.97035688]],606,286
,[[-0.07425283  0.15745827 -0.97574211]],593,260
,[[-0.06627739  0.1647048  -0.9739265 ]],573,279
,[[-0.10487186  0.1923193  -0.96771524]],665,346
,[[-0.11688741  0.18265105 -0.96987303]],692,323
,[[-0.09214522  0.18471594 -0.97366651]],633,326
,[[-0.08923879  0.18443521 -0.97336275]],626,326
,[[-0.12068234  0.17467284 -0.97244918]],699,303
,[[-0.11019624  0.17085962 -0.97397439]],673,294
,[[-0.10823162  0.18016269 -0.97430418]],669,315
,[[-0.11820933  0.18220913 -0.97029035]],692,321
,[[-0.10463655  0.17835327 -0.97263142]],661,311
,[[-0.13263811  0.16289566 -0.97066332]],726,276
,[[-0.13932427  0.17081269 -0.97219009]],742,294
,[[-0.12301328  0.177601   -0.97094205]],705,310
,[[-0.10016752  0.16910458 -0.97067887]],651,291
,[[-0.09347456  0.17138733 -0.96902814]],638,298
,[[-0.12704662  0.17465987 -0.96689677]],717,305
,[[-0.11587206  0.16913448 -0.96980221]],690,290
,[[-0.1113847  0.1888068 -0.9643594]],682,340
,[[-0.13776157  0.18183336 -0.96557125]],744,322
,[[-0.11814572  0.17013677 -0.97139143]],697,293
,[[-0.12282537  0.16310103 -0.97332059]],708,275
,[[-0.13575886  0.16853876 -0.96959364]],740,288
,[[-0.10750231  0.20464608 -0.97006172]],675,376
,[[-0.14243418  0.26496053 -0.95239525]],765,527
,[[-0.11288625  0.25698425 -0.95797885]],693,506
,[[-0.04117845  0.26507146 -0.96259532]],523,522
,[[-0.04703169  0.25640587 -0.96472633]],537,499
,[[-0.03593136  0.26041331 -0.96441867]],511,509
,[[-0.07751152  0.26796902 -0.95941898]],611,528
,[[-0.06248388  0.2474151  -0.96491979]],575,477
,[[-0.06355425  0.21499392 -0.96951105]],577,396
,[[-0.07918845  0.22249599 -0.96843753]],614,414
,[[-0.10133018  0.21421462 -0.96730273]],667,396
,[[-0.0651558   0.21697877 -0.97103315]],581,400
,[[-0.0319479   0.21959094 -0.97216825]],504,404
,[[-0.041599    0.21055877 -0.97462056]],526,383
,[[-0.05250371  0.20411491 -0.9759452 ]],551,367
,[[-0.03159845  0.20512964 -0.97454709]],503,370
,[[-0.02218542  0.20493983 -0.97559613]],481,368
,[[-0.04317201  0.19270584 -0.97538323]],529,340
,[[-0.06613932  0.18536844 -0.97256109]],582,325
,[[-0.0348411   0.18615274 -0.97764964]],509,322
,[[-0.06333453  0.17848159 -0.97618243]],574,307
,[[-0.05001048  0.18010287 -0.97645778]],543,310
,[[-0.06863143  0.18304106 -0.97635496]],586,318
,[[-0.08046274  0.17588556 -0.97439361]],614,302
,[[-0.08066223  0.16365757 -0.97641788]],614,273
,[[-0.08249095  0.17306732 -0.97280966]],619,296
,[[-0.09123607  0.18333127 -0.96581224]],642,323
,[[-0.05763442  0.1961566  -0.97410456]],561,348
,[[-0.05600293  0.19220919 -0.9733159 ]],559,339
,[[-0.08648288  0.18180128 -0.97355745]],629,316
,[[-0.08887074  0.17823564 -0.97294089]],636,308
,[[-0.07656921  0.17616848 -0.97174507]],608,303
,[[-0.08819915  0.1982217  -0.97460553]],634,353
,[[-0.06881866  0.20349118 -0.97492538]],590,365
,[[-0.09552096  0.19237705 -0.97509425]],651,338
,[[-0.1080209   0.1699252  -0.97722914]],680,286
,[[-0.06895489  0.1613029  -0.98050589]],590,264
,[[-0.0781915   0.13596675 -0.98262223]],611,204
,[[-0.08422262  0.13080808 -0.98156419]],626,191
,[[-0.09069699  0.15495939 -0.97878186]],641,246
,[[-0.0884889   0.15603462 -0.97694732]],638,246
,[[-0.12394376  0.11275876 -0.97322768]],723,140
,[[-0.06035267  0.12211417 -0.98198429]],577,159
,[[-0.10781062  0.12886141 -0.97699371]],691,182
,[[-0.10007728  0.11400226 -0.98101001]],676,153
,[[-0.09694313  0.11380639 -0.98500194]],669,154
,[[-0.09899094  0.11628035 -0.98358097]],673,157
,[[-0.07487506  0.11042325 -0.98431952]],616,137
,[[-0.06869206  0.1097714  -0.98427251]],602,135
,[[-0.07405728  0.09947476 -0.98375665]],615,113
,[[-0.0606084   0.09279262 -0.98719808]],586,96
,[[-0.05575855  0.08851089 -0.98763193]],582,83
,[[-0.04630959  0.08563688 -0.98347015]],566,79
,[[-0.04723488  0.07711239 -0.98711703]],575,62
,[[-0.07137242  0.07640217 -0.99157232]],639,61
,[[-0.0522276   0.04371106 -0.99449845]],602,-14
,[[-0.07266813  0.04960057 -0.99264411]],658,1
,[[-0.05637483  0.02578721 -0.99358291]],629,-50
,[[-0.05067858  0.05094246 -0.99469097]],623,11
,[[-0.05471837  0.07392013 -0.99148009]],639,66
,[[-0.05879675  0.08625293 -0.99025533]],654,96
,[[-0.04448505  0.09665269 -0.9886826 ]],625,124
,[[-0.05999833  0.11383863 -0.98671797]],664,166
,[[-0.05931646  0.09474427 -0.98682364]],663,118
,[[-0.04312052  0.08146226 -0.98930466]],623,87
,[[-0.07156834  0.10210334 -0.98774776]],690,137
,[[-0.07612855  0.08939293 -0.9866014 ]],699,107
,[[-0.06698038  0.06969001 -0.99247949]],675,63
,[[-0.05831768  0.08267882 -0.99174716]],654,96
,[[-0.03160435  0.08625861 -0.99342602]],591,107
,[[-0.04871631  0.08224528 -0.99226177]],628,98
,[[-0.08966167  0.08228178 -0.99153751]],720,96
,[[-0.06447121  0.06896132 -0.99201515]],655,66
,[[-0.0666424   0.08475056 -0.99299556]],654,99
,[[-0.09629756  0.07670513 -0.99117992]],715,80
,[[-0.10040567  0.06998013 -0.99130367]],718,62
,[[-0.08123807  0.06999389 -0.98830866]],663,62
,[[-0.10585957  0.06648293 -0.98647516]],714,52
,[[-0.07661462  0.07511371 -0.99176304]],637,68
,[[-0.09410486  0.07069937 -0.99094984]],669,56
,[[-0.08613289  0.08935266 -0.99105902]],639,95
,[[-0.11594039  0.06842391 -0.9875393 ]],699,41
,[[-0.07524822  0.06802506 -0.99225656]],591,35
,[[-0.10977152  0.079567   -0.98717566]],666,58
,[[-0.12292181  0.10208534 -0.98427831]],689,107
,[[-0.12759911  0.1100674  -0.98240205]],695,125
,[[-0.12780219  0.12919595 -0.98208559]],693,167
,[[-0.13641503  0.1203352  -0.97993659]],715,140
,[[-0.13086856  0.13770779 -0.97672706]],705,183
,[[-0.1262515   0.13371374 -0.97863219]],699,175
,[[-0.12482925  0.1257519  -0.97625572]],701,152
,[[-0.10370971  0.12672526 -0.97437687]],653,147
,[[-0.10130901  0.11149504 -0.97876385]],647,102
,[[-0.11436716  0.08923521 -0.98335837]],677,46
,[[-0.09186592  0.0755353  -0.98989345]],624,13
,[[-0.09297385  0.09704668 -0.98950315]],629,59
,[[-0.12040664  0.09526234 -0.98664678]],698,55
,[[-0.08683081  0.1075196  -0.98688034]],625,86
,[[-0.09029937  0.10996591 -0.98645394]],639,95
,[[-0.11207537  0.10019613 -0.98498904]],697,74
,[[-0.07584914  0.10140828 -0.99082669]],615,75
,[[-0.05461225  0.11353842 -0.98972757]],572,106
,[[-0.05027962  0.1047143  -0.99255856]],566,84
,[[-0.05108835  0.09899803 -0.99308523]],573,70
,[[-0.06370426  0.08081872 -0.99268409]],606,27
,[[-0.04368348  0.06301106 -0.99446154]],562,-15
,[[-0.06004054  0.08788096 -0.98718516]],605,44
,[[-0.03706986  0.09222892 -0.98797588]],553,52
,[[-0.04743827  0.09216258 -0.98567606]],579,52
,[[-0.02545485  0.10404188 -0.98511646]],525,82
,[[-0.04732801  0.10337952 -0.98544685]],575,81
,[[-0.02930983  0.10399148 -0.99052996]],528,82
,[[-0.09696393  0.12478161 -0.98434656]],687,136
,[[-0.06664525  0.13242103 -0.98545201]],609,156
,[[-0.05719148  0.13091753 -0.98801681]],581,153
,[[-0.040752    0.12214264 -0.98845262]],536,133
,[[-0.0376041   0.1064755  -0.99131721]],524,95
,[[-0.03732994  0.122477   -0.98905582]],518,134
,[[-0.07205261  0.10317987 -0.98956816]],596,89
,[[-0.06553159  0.10804261 -0.98891824]],576,101
,[[-0.07181628  0.10483561 -0.99082334]],586,94
,[[-0.09522608  0.10669786 -0.98795485]],639,100
,[[-0.07371035  0.12323544 -0.98739254]],586,140
,[[-0.11303432  0.11408035 -0.98330515]],679,121
,[[-0.06005741  0.10609905 -0.9862196 ]],553,102
,[[-0.09691052  0.10605124 -0.9850071 ]],641,102
,[[-0.06759653  0.11578639 -0.9872705 ]],572,126
,[[-0.1047158   0.15099424 -0.98074201]],664,215
,[[-0.1027524   0.23079168 -0.96489015]],665,417
,[[-0.14121695  0.26251045 -0.95406259]],765,503
,[[-0.09556786  0.26818445 -0.95801297]],654,513
,[[-0.15254981  0.27683842 -0.94670838]],802,543
,[[-0.13495071  0.24501644 -0.95950604]],756,455
,[[-0.09105675  0.24701717 -0.96449624]],651,456
,[[-0.09873592  0.22820045 -0.96780705]],672,408
,[[-0.08317565  0.24117891 -0.96683583]],637,443
,[[-0.08705407  0.25296739 -0.96348275]],650,476
,[[-0.06539527  0.25666578 -0.96414517]],598,489
,[[-0.09498712  0.25205274 -0.96256341]],671,476
,[[-0.08977139  0.24905083 -0.963912  ]],659,469
,[[-0.07985396  0.25294962 -0.96408292]],633,480
,[[-0.07433423  0.24683976 -0.96611942]],617,464
,[[-0.05454869  0.23780618 -0.9697176 ]],565,440
,[[-0.04975327  0.24994245 -0.96676232]],551,470
,[[-0.04508315  0.25086315 -0.96602151]],536,471
,[[-0.03468961  0.23373906 -0.97146873]],506,426
,[[-0.0591977   0.23507209 -0.97016838]],561,433
,[[-0.02787937  0.24834902 -0.96821339]],484,463
,[[-0.04300537  0.2436891  -0.96873781]],518,452
,[[-0.04992683  0.24984527 -0.96689314]],532,469
,[[-0.05487313  0.24637533 -0.96757838]],542,463
,[[-0.06260851  0.24925166 -0.96610956]],560,469
,[[-0.05499451  0.24459443 -0.96790457]],540,458
,[[-0.05613729  0.26005877 -0.96294135]],544,497
,[[-0.02307695  0.26355293 -0.96309593]],465,505
,[[-0.06236586  0.24207725 -0.96604422]],562,452
,[[-0.06134356  0.22388922 -0.97148398]],560,405
,[[-0.01278434  0.24278196 -0.96910747]],445,451
,[[-0.06390907  0.26481594 -0.96034164]],571,510
,[[-0.07033504  0.26738314 -0.9594224 ]],588,517
,[[-0.08323204  0.26151158 -0.96132216]],621,496
,[[-0.06730945  0.27037923 -0.96031352]],585,520
,[[-0.0831594   0.25944392 -0.96202815]],627,491
,[[-0.06232538  0.25564226 -0.96475971]],577,482
,[[-0.07583365  0.2598238  -0.96204672]],613,496
,[[-0.08081412  0.25424995 -0.96373686]],627,481
,[[-0.0508285   0.25557227 -0.9650658 ]],555,482
,[[-0.05738995  0.27050808 -0.96099756]],573,523
,[[-0.06562867  0.26947986 -0.96045791]],593,519
,[[-0.07522842  0.28130186 -0.95624868]],618,552
,[[-0.07471325  0.27557333 -0.95818373]],616,535
,[[-0.04671368  0.25877254 -0.96444762]],547,489
,[[-0.07258392  0.26424138 -0.96130515]],611,503
,[[-0.107992    0.27597274 -0.95424707]],700,539
,[[-0.08530383  0.26105402 -0.96113001]],642,500
,[[-0.09423453  0.24721704 -0.96349323]],663,464
,[[-0.08527808  0.25580133 -0.9590647 ]],642,489
,[[-0.09187724  0.25080346 -0.9587813 ]],658,477
,[[-0.08742068  0.25328149 -0.96110887]],645,482
,[[-0.06014778  0.25771624 -0.96287105]],576,492
,[[-0.08044003  0.25728503 -0.96079004]],626,493
,[[-0.06908591  0.24677514 -0.96498921]],595,464
,[[-0.07049533  0.26004193 -0.96220684]],599,498
,[[-0.07772269  0.25074105 -0.96305636]],615,476
,[[-0.03977219  0.24501044 -0.96725151]],522,458
,[[-0.10726344  0.26520522 -0.95583642]],689,516
,[[-0.10865175  0.25121842 -0.95972659]],691,479
,[[-0.09991441  0.24098804 -0.96448873]],669,452
,[[-0.1268039   0.25821325 -0.95548349]],739,499
,[[-0.10735462  0.25339384 -0.96052759]],691,485
,[[-0.07632937  0.24200096 -0.96601508]],615,452
,[[-0.0970593   0.24362263 -0.96387156]],668,458
,[[-0.08216685  0.24241298 -0.96661433]],632,453
,[[-0.0651068   0.24648307 -0.96670057]],591,461
,[[-0.09090821  0.23705758 -0.96682035]],655,438
,[[-0.07985903  0.25447559 -0.96261296]],629,484
,[[-0.07389514  0.24896327 -0.96405635]],615,469
,[[-0.07090944  0.25168495 -0.96415587]],607,473
,[[-0.08032367  0.26428523 -0.96085833]],630,506
,[[-0.09143095  0.26980026 -0.95648668]],657,523
,[[-0.06215088  0.25379091 -0.96408827]],583,478
,[[-0.04351321  0.26383075 -0.96335007]],537,502
,[[-0.05262659  0.26120624 -0.96366301]],558,495
,[[-0.06711086  0.25311159 -0.96501083]],593,473
,[[-0.02829498  0.24572539 -0.96874923]],497,453
,[[-0.04627944  0.25066539 -0.96666335]],541,468
,[[-0.02915506  0.25299421 -0.96658095]],499,473
,[[-0.02781112  0.28805459 -0.95712115]],497,566
,[[-0.06458647  0.26065567 -0.96320872]],587,499
