frame,res,X,Y
1,"[[ 0.73522765]
 [ 0.45542816]
 [-0.50202141]]",-3889.0,2610.0
2,"[[ 0.7391901 ]
 [ 0.47161364]
 [-0.48081033]]",-3972.0,2637.0
3,"[[ 0.73852156]
 [ 0.48658947]
 [-0.46670824]]",-4073.0,2711.0
4,"[[ 0.74289763]
 [ 0.49325765]
 [-0.45254835]]",-4191.0,2802.0
5,"[[ 0.74728148]
 [ 0.4851724 ]
 [-0.45406842]]",-4272.0,2846.0
6,"[[ 0.74824149]
 [ 0.48124474]
 [-0.4566598 ]]",-4334.0,2871.0
7,"[[ 0.74880294]
 [ 0.49383404]
 [-0.44206572]]",-4436.0,2949.0
8,"[[ 0.74549778]
 [ 0.50101229]
 [-0.43956767]]",-4509.0,3022.0
9,"[[ 0.74452606]
 [ 0.49991217]
 [-0.44245765]]",-4552.0,3068.0
10,"[[ 0.73175265]
 [ 0.52941965]
 [-0.4292469 ]]",-4601.0,3189.0
11,"[[ 0.72592355]
 [ 0.52113174]
 [-0.4488393 ]]",-4558.0,3212.0
12,"[[ 0.72814584]
 [ 0.51084016]
 [-0.45699668]]",-4504.0,3191.0
13,"[[ 0.72103666]
 [ 0.49261226]
 [-0.48727743]]",-4380.0,3091.0
14,"[[ 0.72096106]
 [ 0.49710466]
 [-0.48280649]]",-4299.0,3032.0
15,"[[ 0.71732489]
 [ 0.50930922]
 [-0.47544624]]",-4254.0,3026.0
16,"[[ 0.71682549]
 [ 0.50873939]
 [-0.47680756]]",-4224.0,3021.0
17,"[[ 0.70881571]
 [ 0.50352105]
 [-0.49401098]]",-4153.0,2983.0
18,"[[ 0.70729179]
 [ 0.48835055]
 [-0.51112823]]",-4055.0,2897.0
19,"[[ 0.70555168]
 [ 0.49735541]
 [-0.50481128]]",-3997.0,2861.0
20,"[[ 0.69773851]
 [ 0.51843889]
 [-0.49435016]]",-3965.0,2888.0
21,"[[ 0.69701937]
 [ 0.51569264]
 [-0.49822194]]",-3926.0,2892.0
22,"[[ 0.69837651]
 [ 0.5312724 ]
 [-0.47960389]]",-3949.0,2959.0
23,"[[ 0.69078636]
 [ 0.52940005]
 [-0.49249344]]",-3933.0,2989.0
24,"[[ 0.69411538]
 [ 0.54532582]
 [-0.4699187 ]]",-3985.0,3085.0
25,"[[ 0.69819874]
 [ 0.51317909]
 [-0.49916504]]",-3949.0,3036.0
26,"[[ 0.69737615]
 [ 0.52265021]
 [-0.49041133]]",-3955.0,3042.0
27,"[[ 0.70229693]
 [ 0.50838434]
 [-0.49832158]]",-3952.0,3008.0
28,"[[ 0.70031906]
 [ 0.52868959]
 [-0.4796254 ]]",-3991.0,3054.0
29,"[[ 0.70392375]
 [ 0.52334054]
 [-0.48021457]]",-4026.0,3077.0
30,"[[ 0.70581687]
 [ 0.51084884]
 [-0.49077083]]",-4024.0,3049.0
31,"[[ 0.70972889]
 [ 0.48324926]
 [-0.51259639]]",-3989.0,2950.0
32,"[[ 0.71282684]
 [ 0.50390822]
 [-0.4878057 ]]",-4022.0,2953.0
33,"[[ 0.71063983]
 [ 0.48797044]
 [-0.50682924]]",-3997.0,2895.0
34,"[[ 0.71230988]
 [ 0.5241083 ]
 [-0.46682451]]",-4091.0,2997.0
35,"[[ 0.71012528]
 [ 0.49464754]
 [-0.50104481]]",-4062.0,2950.0
36,"[[ 0.7050538 ]
 [ 0.50770965]
 [-0.49510609]]",-4036.0,2945.0
37,"[[ 0.71086435]
 [ 0.52618314]
 [-0.46669388]]",-4108.0,3033.0
38,"[[ 0.70638042]
 [ 0.53292452]
 [-0.46585207]]",-4149.0,3109.0
39,"[[ 0.70005446]
 [ 0.54645454]
 [-0.45968597]]",-4179.0,3202.0
40,"[[ 0.69186267]
 [ 0.52708616]
 [-0.49346349]]",-4088.0,3160.0
41,"[[ 0.68193641]
 [ 0.4764148 ]
 [-0.55496997]]",-3868.0,2946.0
42,"[[ 0.68248627]
 [ 0.4825443 ]
 [-0.54896584]]",-3718.0,2809.0
43,"[[ 0.68107135]
 [ 0.49140147]
 [-0.54283185]]",-3609.0,2728.0
44,"[[ 0.67556688]
 [ 0.47744296]
 [-0.56183415]]",-3486.0,2622.0
45,"[[ 0.67172264]
 [ 0.51338901]
 [-0.53406031]]",-3445.0,2645.0
46,"[[ 0.67175461]
 [ 0.52536079]
 [-0.52224686]]",-3434.0,2696.0
47,"[[ 0.67611434]
 [ 0.51519236]
 [-0.52673166]]",-3427.0,2713.0
48,"[[ 0.68167425]
 [ 0.52876895]
 [-0.50569123]]",-3479.0,2785.0
49,"[[ 0.68678421]
 [ 0.5006269 ]
 [-0.52697264]]",-3481.0,2757.0
50,"[[ 0.68750739]
 [ 0.49917876]
 [-0.52740322]]",-3487.0,2737.0
51,"[[ 0.69673814]
 [ 0.52661098]
 [-0.48706964]]",-3606.0,2842.0
52,"[[ 0.69933747]
 [ 0.53579565]
 [-0.47312802]]",-3747.0,2972.0
53,"[[ 0.70243323]
 [ 0.54029882]
 [-0.46331928]]",-3885.0,3097.0
54,"[[ 0.70688082]
 [ 0.5362094 ]
 [-0.4613014 ]]",-4003.0,3184.0
55,"[[ 0.70943388]
 [ 0.53476468]
 [-0.45905371]]",-4096.0,3245.0
56,"[[ 0.70145094]
 [ 0.55231081]
 [-0.4504657 ]]",-4176.0,3343.0
57,"[[ 0.7029873 ]
 [ 0.54642239]
 [-0.45522679]]",-4233.0,3397.0
58,"[[ 0.69946772]
 [ 0.55032489]
 [-0.45594674]]",-4270.0,3443.0
59,"[[ 0.69818102]
 [ 0.5484007 ]
 [-0.46021726]]",-4281.0,3460.0
60,"[[ 0.70069443]
 [ 0.53602426]
 [-0.47085593]]",-4267.0,3426.0
61,"[[ 0.6975191 ]
 [ 0.52269893]
 [-0.49015602]]",-4183.0,3326.0
62,"[[ 0.69913657]
 [ 0.5307292 ]
 [-0.47909766]]",-4157.0,3291.0
63,"[[ 0.70644749]
 [ 0.52323295]
 [-0.47661224]]",-4155.0,3255.0
64,"[[ 0.70470041]
 [ 0.51991334]
 [-0.4827913 ]]",-4142.0,3215.0
65,"[[ 0.70329698]
 [ 0.52951813]
 [-0.47432469]]",-4154.0,3220.0
66,"[[ 0.70140619]
 [ 0.52904058]
 [-0.47764571]]",-4146.0,3212.0
67,"[[ 0.69994796]
 [ 0.52205761]
 [-0.48736916]]",-4112.0,3173.0
68,"[[ 0.70487584]
 [ 0.52169336]
 [-0.48061012]]",-4108.0,3153.0
69,"[[ 0.70453389]
 [ 0.52384169]
 [-0.47877123]]",-4113.0,3147.0
70,"[[ 0.7019309 ]
 [ 0.51691524]
 [-0.48999147]]",-4080.0,3108.0
71,"[[ 0.70447777]
 [ 0.52841761]
 [-0.47379943]]",-4099.0,3129.0
72,"[[ 0.70341062]
 [ 0.52912328]
 [-0.47459673]]",-4109.0,3144.0
73,"[[ 0.70602848]
 [ 0.52277917]
 [-0.47772975]]",-4117.0,3140.0
74,"[[ 0.70950229]
 [ 0.51784403]
 [-0.47795822]]",-4125.0,3125.0
75,"[[ 0.70875113]
 [ 0.51940094]
 [-0.47738296]]",-4143.0,3127.0
76,"[[ 0.70333836]
 [ 0.50660923]
 [-0.49866045]]",-4096.0,3068.0
77,"[[ 0.70859943]
 [ 0.50175869]
 [-0.49610993]]",-4074.0,3022.0
78,"[[ 0.71122858]
 [ 0.50401137]
 [-0.49002698]]",-4066.0,2998.0
79,"[[ 0.70996297]
 [ 0.53065059]
 [-0.46299302]]",-4121.0,3078.0
80,"[[ 0.7045206 ]
 [ 0.53221806]
 [-0.4694621 ]]",-4132.0,3128.0
81,"[[ 0.70362851]
 [ 0.52957016]
 [-0.47377459]]",-4134.0,3157.0
82,"[[ 0.70252861]
 [ 0.53324145]
 [-0.47128241]]",-4145.0,3195.0
83,"[[ 0.70400962]
 [ 0.51900099]
 [-0.48477668]]",-4119.0,3171.0
84,"[[ 0.70243703]
 [ 0.51831841]
 [-0.48777888]]",-4089.0,3148.0
85,"[[ 0.70389247]
 [ 0.52342251]
 [-0.48017109]]",-4095.0,3158.0
86,"[[ 0.70788709]
 [ 0.51857778]
 [-0.47955496]]",-4108.0,3157.0
87,"[[ 0.70281187]
 [ 0.52058934]
 [-0.48481153]]",-4093.0,3149.0
88,"[[ 0.69704814]
 [ 0.53019795]
 [-0.48271526]]",-4072.0,3161.0
89,"[[ 0.69619611]
 [ 0.52032768]
 [-0.49454028]]",-4021.0,3126.0
90,"[[ 0.69669621]
 [ 0.52945494]
 [-0.48403704]]",-4006.0,3133.0
91,"[[ 0.69573937]
 [ 0.51501002]
 [-0.50071091]]",-3950.0,3080.0
92,"[[ 0.69785242]
 [ 0.52355168]
 [-0.48876951]]",-3937.0,3074.0
93,"[[ 0.69972389]
 [ 0.52146571]
 [-0.48832365]]",-3945.0,3075.0
94,"[[ 0.69581417]
 [ 0.53137878]
 [-0.48319689]]",-3941.0,3093.0
95,"[[ 0.6961633 ]
 [ 0.5336292 ]
 [-0.48020468]]",-3949.0,3117.0
96,"[[ 0.69423993]
 [ 0.53074497]
 [-0.48614884]]",-3936.0,3118.0
97,"[[ 0.69843057]
 [ 0.52038443]
 [-0.49131943]]",-3925.0,3093.0
98,"[[ 0.6944564 ]
 [ 0.52817276]
 [-0.48863467]]",-3917.0,3094.0
99,"[[ 0.69207678]
 [ 0.51950387]
 [-0.50114414]]",-3875.0,3056.0
100,"[[ 0.69595798]
 [ 0.52060292]
 [-0.49458577]]",-3861.0,3040.0
101,"[[ 0.6962851 ]
 [ 0.48135085]
 [-0.5324363 ]]",-3769.0,2902.0
102,"[[ 0.68970081]
 [ 0.44868977]
 [-0.56832234]]",-3614.0,2700.0
103,"[[ 0.69094693]
 [ 0.47161431]
 [-0.54787981]]",-3549.0,2618.0
104,"[[ 0.69772564]
 [ 0.51462396]
 [-0.49833834]]",-3619.0,2706.0
105,"[[ 0.6953221 ]
 [ 0.48622487]
 [-0.52925661]]",-3599.0,2674.0
106,"[[ 0.69964645]
 [ 0.50362583]
 [-0.5068095 ]]",-3640.0,2715.0
107,"[[ 0.69851952]
 [ 0.46184818]
 [-0.54659559]]",-3584.0,2620.0
108,"[[ 0.70275868]
 [ 0.49084131]
 [-0.51498063]]",-3619.0,2646.0
109,"[[ 0.70088519]
 [ 0.47618769]
 [-0.53104165]]",-3599.0,2612.0
110,"[[ 0.72283164]
 [ 0.45282068]
 [-0.52198453]]",-3644.0,2564.0
111,"[[ 0.79829154]
 [ 0.38204791]
 [-0.46558565]]",-3968.0,2492.0
112,"[[ 0.80463536]
 [ 0.40705735]
 [-0.43228029]]",-4334.0,2546.0
113,"[[ 0.80683741]
 [ 0.36244094]
 [-0.4665297 ]]",-4474.0,2437.0
114,"[[ 0.80150698]
 [ 0.3644156 ]
 [-0.47411796]]",-4543.0,2350.0
115,"[[ 0.79923039]
 [ 0.34308308]
 [-0.4934823 ]]",-4534.0,2223.0
116,"[[ 0.79584749]
 [ 0.37306571]
 [-0.47691588]]",-4568.0,2206.0
117,"[[ 0.79189801]
 [ 0.33974841]
 [-0.50741359]]",-4508.0,2100.0
118,"[[ 0.77957151]
 [ 0.33458305]
 [-0.52945485]]",-4389.0,1989.0
119,"[[ 0.78824249]
 [ 0.31680238]
 [-0.52755097]]",-4317.0,1880.0
120,"[[ 0.79260051]
 [ 0.31435822]
 [-0.52245894]]",-4279.0,1799.0
121,"[[ 0.79829498]
 [ 0.33776769]
 [-0.49863625]]",-4325.0,1807.0
122,"[[ 0.79943729]
 [ 0.35730951]
 [-0.48293885]]",-4398.0,1865.0
123,"[[ 0.79518648]
 [ 0.35097117]
 [-0.49446709]]",-4409.0,1880.0
124,"[[ 0.80293977]
 [ 0.33951306]
 [-0.48991694]]",-4443.0,1877.0
125,"[[ 0.80754146]
 [ 0.34885283]
 [-0.47558227]]",-4522.0,1912.0
126,"[[ 0.81352366]
 [ 0.37323606]
 [-0.44595303]]",-4693.0,2030.0
127,"[[ 0.81436823]
 [ 0.39718164]
 [-0.42314433]]",-4911.0,2207.0
128,"[[ 0.81185784]
 [ 0.39951524]
 [-0.42576333]]",-5059.0,2338.0
129,"[[ 0.81642724]
 [ 0.40030695]
 [-0.41617413]]",-5204.0,2450.0
130,"[[ 0.81944194]
 [ 0.37141241]
 [-0.43654063]]",-5239.0,2437.0
131,"[[ 0.81754022]
 [ 0.36452489]
 [-0.44581342]]",-5223.0,2397.0
132,"[[ 0.82084297]
 [ 0.3704259 ]
 [-0.434743  ]]",-5259.0,2398.0
133,"[[ 0.81912104]
 [ 0.44910307]
 [-0.35685733]]",-5626.0,2748.0
134,"[[ 0.81326647]
 [ 0.46915322]
 [-0.34422798]]",-5936.0,3085.0
135,"[[ 0.82316907]
 [ 0.41339038]
 [-0.38923138]]",-5959.0,3078.0
136,"[[ 0.8195277 ]
 [ 0.39480728]
 [-0.41533308]]",-5851.0,2976.0
137,"[[ 0.8194279 ]
 [ 0.36109776]
 [-0.44513629]]",-5661.0,2783.0
138,"[[ 0.82276828]
 [ 0.37885124]
 [-0.42370285]]",-5619.0,2720.0
139,"[[ 0.82100505]
 [ 0.34961543]
 [-0.45135326]]",-5468.0,2566.0
140,"[[ 0.81992373]
 [ 0.33622864]
 [-0.46333074]]",-5304.0,2407.0
141,"[[ 0.81382483]
 [ 0.298933  ]
 [-0.4983254 ]]",-5064.0,2182.0
142,"[[ 0.81763528]
 [ 0.31528663]
 [-0.48173322]]",-4941.0,2063.0
143,"[[ 0.81026447]
 [ 0.27925402]
 [-0.51525594]]",-4743.0,1880.0
144,"[[ 0.80319075]
 [ 0.26265158]
 [-0.53469502]]",-4542.0,1703.0
145,"[[ 0.80786724]
 [ 0.28534327]
 [-0.51568376]]",-4446.0,1625.0
146,"[[ 0.81511819]
 [ 0.31893009]
 [-0.48359688]]",-4476.0,1659.0
147,"[[ 0.82181294]
 [ 0.34661225]
 [-0.45219844]]",-4616.0,1777.0
148,"[[ 0.82136305]
 [ 0.34704172]
 [-0.45268618]]",-4719.0,1866.0
149,"[[ 0.81763395]
 [ 0.31705193]
 [-0.48057549]]",-4699.0,1839.0
150,"[[ 0.82269989]
 [ 0.34535096]
 [-0.45155022]]",-4793.0,1910.0
151,"[[ 0.80103694]
 [ 0.27035627]
 [-0.53408548]]",-4586.0,1740.0
152,"[[ 0.8121036 ]
 [ 0.30759621]
 [-0.49585513]]",-4549.0,1713.0
153,"[[ 0.8118225 ]
 [ 0.30589479]
 [-0.49736566]]",-4510.0,1686.0
154,"[[ 0.81720598]
 [ 0.35799422]
 [-0.45167966]]",-4622.0,1814.0
155,"[[ 0.80881441]
 [ 0.41051648]
 [-0.42106469]]",-4801.0,2063.0
156,"[[ 0.81576564]
 [ 0.40044225]
 [-0.41733969]]",-4956.0,2230.0
157,"[[ 0.80436437]
 [ 0.42480015]
 [-0.4153827 ]]",-5051.0,2404.0
158,"[[ 0.81002635]
 [ 0.38478865]
 [-0.44248729]]",-5033.0,2402.0
159,"[[ 0.80785685]
 [ 0.37051782]
 [-0.45834904]]",-4959.0,2346.0
160,"[[ 0.81126238]
 [ 0.39722618]
 [-0.42902764]]",-5023.0,2409.0
161,"[[ 0.81341735]
 [ 0.36327034]
 [-0.45429821]]",-4986.0,2348.0
162,"[[ 0.81158221]
 [ 0.37270708]
 [-0.44991526]]",-4966.0,2326.0
163,"[[ 0.81266293]
 [ 0.38142348]
 [-0.44056225]]",-4991.0,2343.0
164,"[[ 0.80841982]
 [ 0.344987  ]
 [-0.47690814]]",-4891.0,2238.0
165,"[[ 0.80723512]
 [ 0.34609281]
 [-0.47811215]]",-4809.0,2160.0
166,"[[ 0.81182151]
 [ 0.4014693 ]
 [-0.42399084]]",-4933.0,2290.0
167,"[[ 0.81135475]
 [ 0.37467823]
 [-0.44868663]]",-4939.0,2292.0
168,"[[ 0.80649745]
 [ 0.38221105]
 [-0.45108377]]",-4934.0,2307.0
169,"[[ 0.80042917]
 [ 0.35950171]
 [-0.47965787]]",-4818.0,2230.0
170,"[[ 0.80457104]
 [ 0.36744221]
 [-0.46653154]]",-4779.0,2206.0
171,"[[ 0.80293961]
 [ 0.38326939]
 [-0.45650033]]",-4776.0,2232.0
172,"[[ 0.80632665]
 [ 0.41234688]
 [-0.42403701]]",-4895.0,2364.0
173,"[[ 0.80666568]
 [ 0.38317069]
 [-0.44996746]]",-4889.0,2357.0
174,"[[ 0.80760843]
 [ 0.3977506 ]
 [-0.43538843]]",-4937.0,2404.0
175,"[[ 0.80654707]
 [ 0.35782662]
 [-0.47057618]]",-4854.0,2308.0
176,"[[ 0.80966894]
 [ 0.35104328]
 [-0.47032418]]",-4806.0,2229.0
177,"[[ 0.80742224]
 [ 0.37780528]
 [-0.45313629]]",-4824.0,2247.0
178,"[[ 0.81230368]
 [ 0.38303926]
 [-0.43982229]]",-4897.0,2293.0
179,"[[ 0.81148652]
 [ 0.37893119]
 [-0.44486041]]",-4919.0,2304.0
180,"[[ 0.81674652]
 [ 0.37570926]
 [-0.43791285]]",-4963.0,2315.0
181,"[[ 0.81410518]
 [ 0.33364005]
 [-0.47530735]]",-4873.0,2193.0
182,"[[ 0.81690599]
 [ 0.36180392]
 [-0.44917983]]",-4901.0,2193.0
183,"[[ 0.81841421]
 [ 0.34880495]
 [-0.45665445]]",-4889.0,2154.0
184,"[[ 0.81673077]
 [ 0.33271049]
 [-0.47143883]]",-4824.0,2074.0
185,"[[ 0.82421794]
 [ 0.33704856]
 [-0.45504182]]",-4845.0,2045.0
186,"[[ 0.82581743]
 [ 0.35355348]
 [-0.43934668]]",-4920.0,2080.0
187,"[[ 0.82530915]
 [ 0.33205627]
 [-0.45673126]]",-4921.0,2041.0
188,"[[ 0.82399285]
 [ 0.32154617]
 [-0.46652314]]",-4888.0,1981.0
189,"[[ 0.82629149]
 [ 0.34918816]
 [-0.44193891]]",-4937.0,2017.0
190,"[[ 0.82615348]
 [ 0.34986819]
 [-0.44165901]]",-4973.0,2045.0
191,"[[ 0.83036585]
 [ 0.39539227]
 [-0.39262897]]",-5204.0,2247.0
192,"[[ 0.8284863 ]
 [ 0.37557919]
 [-0.41539224]]",-5273.0,2308.0
193,"[[ 0.82208652]
 [ 0.37127767]
 [-0.43165571]]",-5252.0,2318.0
194,"[[ 0.82589437]
 [ 0.35565179]
 [-0.43750462]]",-5232.0,2288.0
195,"[[ 0.82790742]
 [ 0.39192073]
 [-0.40120749]]",-5375.0,2410.0
196,"[[ 0.82559899]
 [ 0.35394987]
 [-0.43943805]]",-5314.0,2349.0
197,"[[ 0.82355027]
 [ 0.3856302 ]
 [-0.41599796]]",-5355.0,2409.0
198,"[[ 0.82445909]
 [ 0.34099316]
 [-0.45165349]]",-5244.0,2303.0
199,"[[ 0.82561079]
 [ 0.40068626]
 [-0.3972623 ]]",-5386.0,2445.0
200,"[[ 0.82602112]
 [ 0.39240398]
 [-0.40460873]]",-5452.0,2513.0
201,"[[ 0.82510357]
 [ 0.41872234]
 [-0.37930951]]",-5619.0,2680.0
202,"[[ 0.82433017]
 [ 0.4534504 ]
 [-0.33891373]]",-5954.0,2999.0
203,"[[ 0.81198433]
 [ 0.49499592]
 [-0.3092903 ]]",-6376.0,3462.0
204,"[[ 0.80452228]
 [ 0.50222946]
 [-0.31703229]]",-6609.0,3787.0
205,"[[ 0.8200579 ]
 [ 0.4678308 ]
 [-0.32960488]]",-6750.0,3891.0
206,"[[ 0.82080906]
 [ 0.46915614]
 [-0.32582971]]",-6882.0,3986.0
207,"[[ 0.81602324]
 [ 0.48164133]
 [-0.31957427]]",-7013.0,4116.0
208,"[[ 0.81466461]
 [ 0.49110852]
 [-0.308438  ]]",-7164.0,4273.0
209,"[[ 0.7988301 ]
 [ 0.52110361]
 [-0.30053537]]",-7305.0,4520.0
210,"[[ 0.81562408]
 [ 0.48907206]
 [-0.30913732]]",-7382.0,4564.0
211,"[[ 0.81658115]
 [ 0.48888972]
 [-0.30689096]]",-7457.0,4605.0
212,"[[ 0.81555996]
 [ 0.49036468]
 [-0.30725304]]",-7510.0,4640.0
213,"[[ 0.81286037]
 [ 0.48945607]
 [-0.31573845]]",-7480.0,4626.0
214,"[[ 0.80665497]
 [ 0.50420068]
 [-0.30836574]]",-7482.0,4681.0
215,"[[ 0.8052286 ]
 [ 0.50491032]
 [-0.31092198]]",-7456.0,4709.0
216,"[[ 0.79323707]
 [ 0.52585166]
 [-0.30700974]]",-7433.0,4807.0
217,"[[ 0.80873725]
 [ 0.49602006]
 [-0.31608253]]",-7401.0,4759.0
218,"[[ 0.8098525 ]
 [ 0.48348094]
 [-0.33224256]]",-7269.0,4623.0
219,"[[ 0.81374564]
 [ 0.48650963]
 [-0.31800381]]",-7290.0,4597.0
220,"[[ 0.8077332 ]
 [ 0.50113777]
 [-0.31052859]]",-7351.0,4654.0
221,"[[ 0.81203457]
 [ 0.49333124]
 [-0.31180786]]",-7397.0,4670.0
222,"[[ 0.80619978]
 [ 0.50489054]
 [-0.3084274 ]]",-7448.0,4733.0
223,"[[ 0.81096554]
 [ 0.49753367]
 [-0.3078882 ]]",-7498.0,4758.0
224,"[[ 0.81685085]
 [ 0.48749299]
 [-0.30839142]]",-7528.0,4735.0
225,"[[ 0.81799766]
 [ 0.47529828]
 [-0.32399287]]",-7448.0,4623.0
226,"[[ 0.81958226]
 [ 0.4803792 ]
 [-0.3122831 ]]",-7475.0,4602.0
227,"[[ 0.81935779]
 [ 0.48026494]
 [-0.31304695]]",-7480.0,4579.0
228,"[[ 0.82375429]
 [ 0.47246294]
 [-0.31338099]]",-7481.0,4533.0
229,"[[ 0.82224265]
 [ 0.47521004]
 [-0.31319713]]",-7479.0,4508.0
230,"[[ 0.82246728]
 [ 0.47511186]
 [-0.31275596]]",-7489.0,4495.0
231,"[[ 0.82633028]
 [ 0.46190243]
 [-0.32221797]]",-7430.0,4406.0
232,"[[ 0.82110793]
 [ 0.46759029]
 [-0.32732412]]",-7335.0,4336.0
233,"[[ 0.82038114]
 [ 0.47229429]
 [-0.32235522]]",-7296.0,4316.0
234,"[[ 0.81912341]
 [ 0.47213676]
 [-0.32576636]]",-7241.0,4287.0
235,"[[ 0.81922547]
 [ 0.45838293]
 [-0.34460805]]",-7085.0,4166.0
236,"[[ 0.81980438]
 [ 0.44995813]
 [-0.35420116]]",-6912.0,4023.0
237,"[[ 0.81482368]
 [ 0.47719295]
 [-0.32916448]]",-6913.0,4066.0
238,"[[ 0.81013947]
 [ 0.49066065]
 [-0.32082108]]",-6956.0,4164.0
239,"[[ 0.80992509]
 [ 0.49331793]
 [-0.31726766]]",-7014.0,4260.0
240,"[[ 0.79682647]
 [ 0.51919635]
 [-0.30903515]]",-7077.0,4434.0
241,"[[ 0.77682032]
 [ 0.5554342 ]
 [-0.29672049]]",-7160.0,4725.0
242,"[[ 0.77896551]
 [ 0.55327246]
 [-0.29513103]]",-7250.0,4947.0
243,"[[ 0.76370158]
 [ 0.57891218]
 [-0.28569316]]",-7352.0,5243.0
244,"[[ 0.76253676]
 [ 0.58142576]
 [-0.28369309]]",-7432.0,5474.0
245,"[[ 0.74559285]
 [ 0.60828198]
 [-0.27218437]]",-7534.0,5800.0
246,"[[ 0.76211579]
 [ 0.58160962]
 [-0.28444644]]",-7571.0,5887.0
247,"[[ 0.75384095]
 [ 0.59518395]
 [-0.2783521 ]]",-7616.0,6025.0
248,"[[ 0.75469783]
 [ 0.59527521]
 [-0.27582351]]",-7657.0,6132.0
249,"[[ 0.74156231]
 [ 0.6163643 ]
 [-0.26491582]]",-7749.0,6359.0
250,"[[ 0.74073604]
 [ 0.61860401]
 [-0.26199083]]",-7829.0,6545.0
251,"[[ 0.73823758]
 [ 0.62207932]
 [-0.26081142]]",-7893.0,6703.0
252,"[[ 0.74685014]
 [ 0.60689931]
 [-0.27182365]]",-7872.0,6691.0
253,"[[ 0.76288826]
 [ 0.5816178 ]
 [-0.28235126]]",-7832.0,6546.0
254,"[[ 0.76622912]
 [ 0.57884001]
 [-0.27899316]]",-7843.0,6454.0
255,"[[ 0.75353986]
 [ 0.5992368 ]
 [-0.27035705]]",-7890.0,6511.0
256,"[[ 0.7442861 ]
 [ 0.61396937]
 [-0.26283038]]",-7952.0,6647.0
257,"[[ 0.75287453]
 [ 0.60026508]
 [-0.26992921]]",-7970.0,6657.0
258,"[[ 0.75316933]
 [ 0.60090167]
 [-0.26768105]]",-8019.0,6693.0
259,"[[ 0.7640126 ]
 [ 0.58244659]
 [-0.27756208]]",-7992.0,6587.0
260,"[[ 0.77459341]
 [ 0.56213898]
 [-0.28983583]]",-7898.0,6370.0
261,"[[ 0.78133463]
 [ 0.55018679]
 [-0.29463656]]",-7823.0,6157.0
262,"[[ 0.77331878]
 [ 0.5646996 ]
 [-0.28825755]]",-7803.0,6086.0
263,"[[ 0.78891775]
 [ 0.53775218]
 [-0.29737414]]",-7753.0,5899.0
264,"[[ 0.79136868]
 [ 0.53471755]
 [-0.29633218]]",-7736.0,5762.0
265,"[[ 0.79274035]
 [ 0.53141481]
 [-0.29859846]]",-7701.0,5635.0
266,"[[ 0.79570978]
 [ 0.52663655]
 [-0.29916534]]",-7677.0,5524.0
267,"[[ 0.78317841]
 [ 0.54954194]
 [-0.29092135]]",-7684.0,5550.0
268,"[[ 0.80564989]
 [ 0.50903928]
 [-0.30299715]]",-7648.0,5385.0
269,"[[ 0.8034067 ]
 [ 0.51251907]
 [-0.30308723]]",-7618.0,5275.0
270,"[[ 0.78093325]
 [ 0.55317782]
 [-0.29006474]]",-7632.0,5379.0
271,"[[ 0.77327743]
 [ 0.56541538]
 [-0.28696248]]",-7647.0,5511.0
272,"[[ 0.77129003]
 [ 0.56767701]
 [-0.28784459]]",-7661.0,5620.0
273,"[[ 0.78273146]
 [ 0.54823879]
 [-0.29456017]]",-7656.0,5606.0
274,"[[ 0.78872927]
 [ 0.53880975]
 [-0.29595641]]",-7657.0,5561.0
275,"[[ 0.7945649 ]
 [ 0.52694705]
 [-0.30165117]]",-7634.0,5466.0
276,"[[ 0.79908899]
 [ 0.52046816]
 [-0.30094799]]",-7639.0,5385.0
277,"[[ 0.7972411 ]
 [ 0.525151  ]
 [-0.29769625]]",-7675.0,5363.0
278,"[[ 0.79643619]
 [ 0.52662614]
 [-0.29724452]]",-7706.0,5357.0
279,"[[ 0.78366556]
 [ 0.54903517]
 [-0.29056614]]",-7746.0,5455.0
280,"[[ 0.782314  ]
 [ 0.55147758]
 [-0.28958122]]",-7766.0,5532.0
281,"[[ 0.79057241]
 [ 0.5370763 ]
 [-0.29418415]]",-7759.0,5514.0
282,"[[ 0.78929431]
 [ 0.53892343]
 [-0.29423804]]",-7755.0,5509.0
283,"[[ 0.79260782]
 [ 0.53328553]
 [-0.29560004]]",-7753.0,5482.0
284,"[[ 0.79216885]
 [ 0.53417503]
 [-0.29517037]]",-7760.0,5472.0
285,"[[ 0.77921873]
 [ 0.55640529]
 [-0.2884984 ]]",-7761.0,5555.0
286,"[[ 0.77800014]
 [ 0.55824665]
 [-0.28822987]]",-7756.0,5618.0
287,"[[ 0.78690884]
 [ 0.5431817 ]
 [-0.29279365]]",-7737.0,5592.0
288,"[[ 0.79073863]
 [ 0.53527969]
 [-0.29699844]]",-7701.0,5526.0
289,"[[ 0.76775319]
 [ 0.57269669]
 [-0.28735612]]",-7674.0,5635.0
290,"[[ 0.78022259]
 [ 0.55053218]
 [-0.29692934]]",-7623.0,5601.0
291,"[[ 0.78295151]
 [ 0.54532779]
 [-0.29934016]]",-7567.0,5543.0
292,"[[ 0.78997028]
 [ 0.53299573]
 [-0.30308828]]",-7524.0,5451.0
293,"[[ 0.7950599 ]
 [ 0.52078884]
 [-0.3108999 ]]",-7449.0,5311.0
294,"[[ 0.79618415]
 [ 0.51878662]
 [-0.31136995]]",-7408.0,5211.0
295,"[[ 0.80329051]
 [ 0.50423809]
 [-0.31696735]]",-7356.0,5071.0
296,"[[ 0.80202331]
 [ 0.50739205]
 [-0.31513793]]",-7336.0,4991.0
297,"[[ 0.80979578]
 [ 0.49579255]
 [-0.31372048]]",-7344.0,4902.0
298,"[[ 0.80038482]
 [ 0.5150446 ]
 [-0.30677874]]",-7375.0,4922.0
299,"[[ 0.80268874]
 [ 0.50917257]
 [-0.31053837]]",-7373.0,4901.0
300,"[[ 0.78878035]
 [ 0.46258078]
 [-0.4047772 ]]",-6823.0,4458.0
301,"[[ 0.7316858 ]
 [ 0.31346405]
 [-0.60529016]]",-5796.0,3604.0
302,"[[ 0.72751733]
 [ 0.29417561]
 [-0.61982194]]",-5024.0,2946.0
303,"[[ 0.72341508]
 [ 0.29692416]
 [-0.62330303]]",-4451.0,2467.0
304,"[[ 0.72175397]
 [ 0.30609835]
 [-0.6207858 ]]",-4036.0,2132.0
305,"[[ 0.71995336]
 [ 0.3129264 ]
 [-0.61947092]]",-3731.0,1897.0
306,"[[ 0.71277271]
 [ 0.29377606]
 [-0.63690713]]",-3474.0,1689.0
307,"[[ 0.71071846]
 [ 0.28198347]
 [-0.64448786]]",-3274.0,1518.0
308,"[[ 0.71273774]
 [ 0.28992351]
 [-0.63870906]]",-3144.0,1408.0
309,"[[ 0.73297321]
 [ 0.35259425]
 [-0.58174528]]",-3166.0,1455.0
310,"[[ 0.73147869]
 [ 0.33904995]
 [-0.5915945 ]]",-3165.0,1462.0
311,"[[ 0.72756138]
 [ 0.32526934]
 [-0.6040317 ]]",-3136.0,1437.0
312,"[[ 0.7346536 ]
 [ 0.35228347]
 [-0.5798107 ]]",-3170.0,1478.0
313,"[[ 0.73954296]
 [ 0.3801749 ]
 [-0.5554667 ]]",-3245.0,1572.0
314,"[[ 0.7391446 ]
 [ 0.37600495]
 [-0.55882514]]",-3295.0,1631.0
315,"[[ 0.73568648]
 [ 0.35847909]
 [-0.57468091]]",-3288.0,1630.0
316,"[[ 0.73799931]
 [ 0.36154658]
 [-0.56977283]]",-3304.0,1642.0
317,"[[ 0.73328974]
 [ 0.35286575]
 [-0.58118149]]",-3285.0,1626.0
318,"[[ 0.72977419]
 [ 0.34164289]
 [-0.59220754]]",-3246.0,1589.0
319,"[[ 0.72673082]
 [ 0.32596427]
 [-0.60465661]]",-3189.0,1528.0
320,"[[ 0.72733516]
 [ 0.32981757]
 [-0.6018338 ]]",-3154.0,1492.0
321,"[[ 0.7236605 ]
 [ 0.31358143]
 [-0.61480254]]",-3102.0,1433.0
322,"[[ 0.72452198]
 [ 0.31804552]
 [-0.61148585]]",-3070.0,1400.0
323,"[[ 0.72628919]
 [ 0.34074569]
 [-0.59698944]]",-3075.0,1419.0
324,"[[ 0.71885908]
 [ 0.32166677]
 [-0.61625653]]",-3037.0,1390.0
325,"[[ 0.73890822]
 [ 0.36239847]
 [-0.56805104]]",-3119.0,1467.0
326,"[[ 0.73793566]
 [ 0.35887008]
 [-0.5715446 ]]",-3173.0,1516.0
327,"[[ 0.73986265]
 [ 0.36766767]
 [-0.56340372]]",-3227.0,1572.0
328,"[[ 0.74108117]
 [ 0.3763161 ]
 [-0.55604396]]",-3284.0,1633.0
329,"[[ 0.74252185]
 [ 0.36459356]
 [-0.56190108]]",-3313.0,1652.0
330,"[[ 0.74670342]
 [ 0.38631704]
 [-0.54147313]]",-3377.0,1720.0
331,"[[ 0.74379317]
 [ 0.37172994]
 [-0.55550749]]",-3396.0,1733.0
332,"[[ 0.74888025]
 [ 0.38938565]
 [-0.53624359]]",-3461.0,1793.0
333,"[[ 0.74291785]
 [ 0.37482368]
 [-0.5545992 ]]",-3458.0,1792.0
334,"[[ 0.73950775]
 [ 0.37372254]
 [-0.55987476]]",-3447.0,1788.0
335,"[[ 0.73762145]
 [ 0.38238228]
 [-0.55650552]]",-3440.0,1800.0
336,"[[ 0.74053598]
 [ 0.37889847]
 [-0.55501569]]",-3437.0,1802.0
337,"[[ 0.72564991]
 [ 0.3285748 ]
 [-0.60454182]]",-3327.0,1688.0
338,"[[ 0.72797115]
 [ 0.34034843]
 [-0.59516464]]",-3265.0,1629.0
339,"[[ 0.73198189]
 [ 0.33653011]
 [-0.59241033]]",-3229.0,1582.0
340,"[[ 0.73238736]
 [ 0.33833811]
 [-0.59087737]]",-3202.0,1549.0
341,"[[ 0.73616096]
 [ 0.3464584 ]
 [-0.58140659]]",-3206.0,1546.0
342,"[[ 0.73455826]
 [ 0.34814792]
 [-0.58242355]]",-3204.0,1544.0
343,"[[ 0.73584455]
 [ 0.3633166 ]
 [-0.5714314 ]]",-3229.0,1578.0
344,"[[ 0.73957726]
 [ 0.39790504]
 [-0.54286007]]",-3309.0,1684.0
345,"[[ 0.7410241 ]
 [ 0.4048673 ]
 [-0.53569185]]",-3381.0,1779.0
346,"[[ 0.74092599]
 [ 0.3935399 ]
 [-0.54420128]]",-3421.0,1823.0
347,"[[ 0.74341055]
 [ 0.39285753]
 [-0.54129818]]",-3454.0,1855.0
348,"[[ 0.74498659]
 [ 0.39882385]
 [-0.53472845]]",-3491.0,1894.0
349,"[[ 0.73927513]
 [ 0.37096343]
 [-0.56201282]]",-3456.0,1852.0
350,"[[ 0.7399678 ]
 [ 0.37756458]
 [-0.55668003]]",-3442.0,1836.0
351,"[[ 0.74334682]
 [ 0.38337823]
 [-0.54813925]]",-3454.0,1842.0
352,"[[ 0.73914305]
 [ 0.3594161 ]
 [-0.56963814]]",-3417.0,1790.0
353,"[[ 0.74226723]
 [ 0.3660088 ]
 [-0.56131712]]",-3409.0,1770.0
354,"[[ 0.74492256]
 [ 0.37146542]
 [-0.55416949]]",-3420.0,1770.0
355,"[[ 0.75097412]
 [ 0.39822333]
 [-0.52674097]]",-3492.0,1839.0
356,"[[ 0.74691687]
 [ 0.37866411]
 [-0.54656077]]",-3494.0,1836.0
357,"[[ 0.74682573]
 [ 0.39687877]
 [-0.533609  ]]",-3521.0,1876.0
358,"[[ 0.74575801]
 [ 0.40486237]
 [-0.52908548]]",-3553.0,1925.0
359,"[[ 0.74633324]
 [ 0.4052993 ]
 [-0.52793861]]",-3582.0,1964.0
360,"[[ 0.74734709]
 [ 0.41100272]
 [-0.52206235]]",-3621.0,2011.0
361,"[[ 0.73084915]
 [ 0.35522944]
 [-0.58281349]]",-3499.0,1894.0
362,"[[ 0.73541521]
 [ 0.36748751]
 [-0.5693131 ]]",-3438.0,1837.0
363,"[[ 0.73511083]
 [ 0.36448017]
 [-0.57163474]]",-3387.0,1788.0
364,"[[ 0.73029411]
 [ 0.34398701]
 [-0.59020627]]",-3313.0,1708.0
365,"[[ 0.72457238]
 [ 0.33171147]
 [-0.60412116]]",-3231.0,1623.0
366,"[[ 0.72979152]
 [ 0.34178734]
 [-0.59210282]]",-3195.0,1584.0
367,"[[ 0.72882563]
 [ 0.34275495]
 [-0.59273286]]",-3162.0,1555.0
368,"[[ 0.73567224]
 [ 0.37318603]
 [-0.56525972]]",-3193.0,1600.0
369,"[[ 0.73975165]
 [ 0.3975278 ]
 [-0.54289883]]",-3265.0,1693.0
370,"[[ 0.73643351]
 [ 0.37799292]
 [-0.56105885]]",-3279.0,1713.0
371,"[[ 0.73498143]
 [ 0.39238103]
 [-0.55302751]]",-3310.0,1760.0
372,"[[ 0.73117698]
 [ 0.37122798]
 [-0.57233732]]",-3295.0,1746.0
373,"[[ 0.72273097]
 [ 0.32794637]
 [-0.60836759]]",-3206.0,1642.0
374,"[[ 0.72501343]
 [ 0.32452431]
 [-0.60748622]]",-3146.0,1562.0
375,"[[ 0.72238796]
 [ 0.31544716]
 [-0.61534439]]",-3086.0,1485.0
376,"[[ 0.72982318]
 [ 0.33688276]
 [-0.59486817]]",-3084.0,1474.0
377,"[[ 0.73599685]
 [ 0.37419312]
 [-0.56417031]]",-3143.0,1545.0
378,"[[ 0.74004967]
 [ 0.39770239]
 [-0.54236454]]",-3238.0,1656.0
379,"[[ 0.73046586]
 [ 0.37076433]
 [-0.57354462]]",-3236.0,1665.0
380,"[[ 0.73824099]
 [ 0.39332457]
 [-0.54799272]]",-3306.0,1737.0
381,"[[ 0.73492189]
 [ 0.3945876 ]
 [-0.55153462]]",-3336.0,1782.0
382,"[[ 0.73470529]
 [ 0.3929648 ]
 [-0.55297993]]",-3354.0,1811.0
383,"[[ 0.73800223]
 [ 0.39883973]
 [-0.5443157 ]]",-3391.0,1851.0
384,"[[ 0.7366263 ]
 [ 0.38892247]
 [-0.55328204]]",-3402.0,1856.0
385,"[[ 0.72825895]
 [ 0.35547639]
 [-0.58589712]]",-3332.0,1777.0
386,"[[ 0.73626308]
 [ 0.37883972]
 [-0.56071129]]",-3341.0,1779.0
387,"[[ 0.73246628]
 [ 0.36712195]
 [-0.5733364 ]]",-3319.0,1751.0
388,"[[ 0.73776117]
 [ 0.39344241]
 [-0.54855403]]",-3358.0,1795.0
389,"[[ 0.74005301]
 [ 0.4059293 ]
 [-0.53623031]]",-3420.0,1862.0
390,"[[ 0.74020006]
 [ 0.401893  ]
 [-0.53906018]]",-3456.0,1900.0
391,"[[ 0.74198688]
 [ 0.41581561]
 [-0.52588292]]",-3511.0,1964.0
392,"[[ 0.73877683]
 [ 0.39900065]
 [-0.54314572]]",-3505.0,1960.0
393,"[[ 0.73975098]
 [ 0.39512313]
 [-0.54465236]]",-3498.0,1951.0
394,"[[ 0.73945341]
 [ 0.38008323]
 [-0.55564862]]",-3468.0,1909.0
395,"[[ 0.74418737]
 [ 0.40525963]
 [-0.53098944]]",-3506.0,1945.0
396,"[[ 0.74116474]
 [ 0.40658917]
 [-0.53419105]]",-3524.0,1970.0
397,"[[ 0.71696177]
 [ 0.31104771]
 [-0.6238711 ]]",-3348.0,1772.0
398,"[[ 0.7169295 ]
 [ 0.32299239]
 [-0.61780904]]",-3230.0,1648.0
399,"[[ 0.71522498]
 [ 0.32685057]
 [-0.61775556]]",-3143.0,1564.0
400,"[[ 0.71428892]
 [ 0.31590621]
 [-0.62449548]]",-3062.0,1481.0
401,"[[ 0.71420838]
 [ 0.31810518]
 [-0.62347052]]",-3001.0,1423.0
402,"[[ 0.71462573]
 [ 0.31837243]
 [-0.62285557]]",-2955.0,1380.0
403,"[[ 0.71162116]
 [ 0.31586127]
 [-0.62755636]]",-2912.0,1343.0
404,"[[ 0.71190527]
 [ 0.31581354]
 [-0.62725808]]",-2884.0,1318.0
405,"[[ 0.7143807 ]
 [ 0.32330527]
 [-0.62059159]]",-2881.0,1315.0
406,"[[ 0.72996111]
 [ 0.33866004]
 [-0.5936886 ]]",-2950.0,1358.0
407,"[[ 0.76509249]
 [ 0.46521132]
 [-0.44520996]]",-3412.0,1793.0
408,"[[ 0.76685922]
 [ 0.46488388]
 [-0.44250414]]",-3758.0,2113.0
409,"[[ 0.77001311]
 [ 0.47774462]
 [-0.42289466]]",-4081.0,2411.0
410,"[[ 0.77130771]
 [ 0.47886674]
 [-0.4192506 ]]",-4329.0,2638.0
411,"[[ 0.77232137]
 [ 0.47321818]
 [-0.42377383]]",-4500.0,2785.0
412,"[[ 0.77348324]
 [ 0.47603516]
 [-0.41846649]]",-4647.0,2909.0
413,"[[ 0.77531348]
 [ 0.46984671]
 [-0.42205814]]",-4744.0,2979.0
414,"[[ 0.77557869]
 [ 0.46604286]
 [-0.42577194]]",-4803.0,3014.0
415,"[[ 0.77842989]
 [ 0.45418932]
 [-0.43331163]]",-4828.0,3003.0
416,"[[ 0.78071562]
 [ 0.4567322 ]
 [-0.42647253]]",-4877.0,3014.0
417,"[[ 0.78114811]
 [ 0.4631352 ]
 [-0.41870445]]",-4940.0,3051.0
418,"[[ 0.78395847]
 [ 0.4516426 ]
 [-0.42594375]]",-4962.0,3038.0
419,"[[ 0.78319221]
 [ 0.47207882]
 [-0.40466227]]",-5058.0,3118.0
420,"[[ 0.78281821]
 [ 0.47367342]
 [-0.40352093]]",-5131.0,3182.0
421,"[[ 0.78156386]
 [ 0.48615869]
 [-0.39090621]]",-5235.0,3288.0
422,"[[ 0.78369085]
 [ 0.4847062 ]
 [-0.38844375]]",-5333.0,3373.0
423,"[[ 0.78410032]
 [ 0.47943263]
 [-0.39412059]]",-5388.0,3413.0
424,"[[ 0.78663343]
 [ 0.47124727]
 [-0.39891584]]",-5416.0,3414.0
425,"[[ 0.78489491]
 [ 0.47285738]
 [-0.40043212]]",-5431.0,3416.0
426,"[[ 0.78470194]
 [ 0.47270078]
 [-0.40099481]]",-5436.0,3414.0
427,"[[ 0.78341148]
 [ 0.47387949]
 [-0.4021252 ]]",-5432.0,3413.0
428,"[[ 0.78583644]
 [ 0.46662535]
 [-0.40585943]]",-5424.0,3390.0
429,"[[ 0.78652075]
 [ 0.46862699]
 [-0.4022112 ]]",-5437.0,3387.0
430,"[[ 0.78418131]
 [ 0.47428599]
 [-0.40014057]]",-5452.0,3404.0
431,"[[ 0.78688426]
 [ 0.46834518]
 [-0.40182827]]",-5453.0,3394.0
432,"[[ 0.78683733]
 [ 0.4698045 ]
 [-0.40021337]]",-5457.0,3392.0
433,"[[ 0.78730311]
 [ 0.45997605]
 [-0.4105799 ]]",-5413.0,3341.0
434,"[[ 0.78530444]
 [ 0.45025721]
 [-0.42492986]]",-5325.0,3254.0
435,"[[ 0.78522208]
 [ 0.45305038]
 [-0.42210382]]",-5264.0,3200.0
436,"[[ 0.78532606]
 [ 0.46331719]
 [-0.4106095 ]]",-5254.0,3201.0
437,"[[ 0.784024  ]
 [ 0.46508478]
 [-0.41109917]]",-5236.0,3201.0
438,"[[ 0.78364032]
 [ 0.45766362]
 [-0.42006173]]",-5186.0,3164.0
439,"[[ 0.78011192]
 [ 0.47336145]
 [-0.40908964]]",-5183.0,3194.0
440,"[[ 0.78196026]
 [ 0.47514793]
 [-0.40345087]]",-5207.0,3233.0
441,"[[ 0.78307187]
 [ 0.48250294]
 [-0.39241479]]",-5275.0,3307.0
442,"[[ 0.7845141 ]
 [ 0.48477914]
 [-0.38668697]]",-5353.0,3381.0
443,"[[ 0.78549253]
 [ 0.47733598]
 [-0.39389319]]",-5383.0,3401.0
444,"[[ 0.78574066]
 [ 0.47831062]
 [-0.3922124 ]]",-5417.0,3425.0
445,"[[ 0.7874938 ]
 [ 0.48335305]
 [-0.38239162]]",-5489.0,3480.0
446,"[[ 0.78650528]
 [ 0.48574635]
 [-0.38139209]]",-5552.0,3532.0
447,"[[ 0.78447668]
 [ 0.49308181]
 [-0.37612054]]",-5621.0,3604.0
448,"[[ 0.78329396]
 [ 0.48894519]
 [-0.38390517]]",-5635.0,3626.0
449,"[[ 0.78579806]
 [ 0.4838226 ]
 [-0.38527537]]",-5640.0,3625.0
450,"[[ 0.78490963]
 [ 0.48657642]
 [-0.38361472]]",-5646.0,3633.0
451,"[[ 0.78543336]
 [ 0.47924659]
 [-0.391685  ]]",-5615.0,3600.0
452,"[[ 0.78675959]
 [ 0.47737607]
 [-0.39130734]]",-5597.0,3572.0
453,"[[ 0.79134859]
 [ 0.47538586]
 [-0.38441604]]",-5627.0,3569.0
454,"[[ 0.79067625]
 [ 0.47618296]
 [-0.38481275]]",-5644.0,3566.0
455,"[[ 0.7889609 ]
 [ 0.47819898]
 [-0.38583212]]",-5650.0,3566.0
456,"[[ 0.79320994]
 [ 0.45999143]
 [-0.39903117]]",-5607.0,3494.0
457,"[[ 0.78622208]
 [ 0.47786483]
 [-0.39179081]]",-5597.0,3501.0
458,"[[ 0.7858235 ]
 [ 0.48110535]
 [-0.38861173]]",-5602.0,3521.0
459,"[[ 0.78505449]
 [ 0.47969883]
 [-0.39189089]]",-5588.0,3523.0
460,"[[ 0.78364556]
 [ 0.47798426]
 [-0.39677535]]",-5553.0,3508.0
461,"[[ 0.78603647]
 [ 0.4749618 ]
 [-0.39567405]]",-5538.0,3493.0
462,"[[ 0.78620712]
 [ 0.47936982]
 [-0.38997813]]",-5553.0,3507.0
463,"[[ 0.78855974]
 [ 0.47098042]
 [-0.39541241]]",-5553.0,3489.0
464,"[[ 0.78634345]
 [ 0.47306767]
 [-0.39732978]]",-5541.0,3476.0
465,"[[ 0.78576018]
 [ 0.4714644 ]
 [-0.40037765]]",-5519.0,3455.0
466,"[[ 0.78513274]
 [ 0.47663736]
 [-0.39545343]]",-5530.0,3469.0
467,"[[ 0.78538039]
 [ 0.4794487 ]
 [-0.39154384]]",-5561.0,3498.0
468,"[[ 0.78520035]
 [ 0.47891321]
 [-0.39255898]]",-5578.0,3516.0
469,"[[ 0.78682201]
 [ 0.4844426 ]
 [-0.38239573]]",-5635.0,3566.0
470,"[[ 0.79016796]
 [ 0.47677627]
 [-0.38512205]]",-5666.0,3575.0
471,"[[ 0.78534326]
 [ 0.48925143]
 [-0.37930069]]",-5703.0,3625.0
472,"[[ 0.78776229]
 [ 0.48385439]
 [-0.38120271]]",-5717.0,3638.0
473,"[[ 0.78651307]
 [ 0.48729269]
 [-0.37939824]]",-5735.0,3662.0
474,"[[ 0.78630132]
 [ 0.48789241]
 [-0.37906626]]",-5754.0,3684.0
475,"[[ 0.78257656]
 [ 0.47891791]
 [-0.39775817]]",-5679.0,3631.0
476,"[[ 0.78371065]
 [ 0.47673301]
 [-0.39814979]]",-5622.0,3585.0
477,"[[ 0.78408335]
 [ 0.47966118]
 [-0.39387619]]",-5599.0,3568.0
478,"[[ 0.78235486]
 [ 0.48379715]
 [-0.39225144]]",-5585.0,3569.0
479,"[[ 0.77800491]
 [ 0.49142229]
 [-0.39142368]]",-5565.0,3586.0
480,"[[ 0.77707132]
 [ 0.49438016]
 [-0.389549  ]]",-5561.0,3614.0
481,"[[ 0.77644949]
 [ 0.50686334]
 [-0.37445393]]",-5621.0,3703.0
482,"[[ 0.77820876]
 [ 0.50712054]
 [-0.37043204]]",-5687.0,3781.0
483,"[[ 0.77731192]
 [ 0.51233881]
 [-0.36509605]]",-5757.0,3864.0
484,"[[ 0.77796964]
 [ 0.5108347 ]
 [-0.36580206]]",-5802.0,3918.0
485,"[[ 0.77724511]
 [ 0.50870721]
 [-0.37027965]]",-5814.0,3939.0
486,"[[ 0.77576445]
 [ 0.51441923]
 [-0.36546186]]",-5838.0,3981.0
487,"[[ 0.7770827 ]
 [ 0.50940839]
 [-0.36965602]]",-5833.0,3983.0
488,"[[ 0.77787549]
 [ 0.51273804]
 [-0.36333102]]",-5870.0,4017.0
489,"[[ 0.77492687]
 [ 0.51945361]
 [-0.36007817]]",-5901.0,4065.0
490,"[[ 0.7722967 ]
 [ 0.52218323]
 [-0.36177684]]",-5911.0,4102.0
491,"[[ 0.77247357]
 [ 0.52074291]
 [-0.36347133]]",-5911.0,4120.0
492,"[[ 0.77464712]
 [ 0.51657884]
 [-0.36478507]]",-5908.0,4118.0
493,"[[ 0.78079884]
 [ 0.50357386]
 [-0.36981961]]",-5896.0,4072.0
494,"[[ 0.77953193]
 [ 0.5108931 ]
 [-0.36237855]]",-5912.0,4073.0
495,"[[ 0.78130269]
 [ 0.50674349]
 [-0.36438598]]",-5913.0,4054.0
496,"[[ 0.78045828]
 [ 0.50428697]
 [-0.36956666]]",-5887.0,4019.0
497,"[[ 0.7813588 ]
 [ 0.50094117]
 [-0.37220475]]",-5855.0,3976.0
498,"[[ 0.7789635 ]
 [ 0.5051592 ]
 [-0.37152397]]",-5829.0,3956.0
499,"[[ 0.77860414]
 [ 0.50404396]
 [-0.37378507]]",-5803.0,3935.0
500,"[[ 0.7780579 ]
 [ 0.50512661]
 [-0.37346086]]",-5787.0,3924.0
501,"[[ 0.78230254]
 [ 0.49189685]
 [-0.38215209]]",-5744.0,3860.0
502,"[[ 0.78192613]
 [ 0.47137186]
 [-0.40792169]]",-5607.0,3704.0
503,"[[ 0.78491854]
 [ 0.45412577]
 [-0.42151236]]",-5459.0,3524.0
504,"[[ 0.78546432]
 [ 0.45917238]
 [-0.41497774]]",-5363.0,3409.0
505,"[[ 0.78562474]
 [ 0.40693123]
 [-0.466048  ]]",-5128.0,3133.0
506,"[[ 0.78463588]
 [ 0.40859545]
 [-0.46625776]]",-4953.0,2933.0
507,"[[ 0.789556  ]
 [ 0.42131495]
 [-0.44620066]]",-4896.0,2844.0
508,"[[ 0.78799789]
 [ 0.4139966 ]
 [-0.455704  ]]",-4819.0,2748.0
509,"[[ 0.78773227]
 [ 0.42400252]
 [-0.44687776]]",-4792.0,2712.0
510,"[[ 0.78683144]
 [ 0.42980395]
 [-0.44290502]]",-4794.0,2710.0
511,"[[ 0.7866676 ]
 [ 0.41569139]
 [-0.45645893]]",-4734.0,2649.0
512,"[[ 0.78441243]
 [ 0.42047746]
 [-0.45595598]]",-4696.0,2619.0
513,"[[ 0.78294024]
 [ 0.39500287]
 [-0.48060099]]",-4583.0,2509.0
514,"[[ 0.78897687]
 [ 0.41985353]
 [-0.44859615]]",-4615.0,2526.0
515,"[[ 0.78839796]
 [ 0.40353127]
 [-0.46431797]]",-4577.0,2479.0
516,"[[ 0.78434729]
 [ 0.39658513]
 [-0.4769901 ]]",-4507.0,2414.0
517,"[[ 0.7844594 ]
 [ 0.36090672]
 [-0.50435086]]",-4379.0,2269.0
518,"[[ 0.78392287]
 [ 0.36189964]
 [-0.50447357]]",-4284.0,2164.0
519,"[[ 0.78513503]
 [ 0.34439983]
 [-0.51473463]]",-4193.0,2049.0
520,"[[ 0.79282718]
 [ 0.37558717]
 [-0.47995765]]",-4235.0,2061.0
521,"[[ 0.78932394]
 [ 0.34940212]
 [-0.50486223]]",-4193.0,1994.0
522,"[[ 0.78786827]
 [ 0.35222082]
 [-0.50517728]]",-4158.0,1949.0
523,"[[ 0.78746052]
 [ 0.3601433 ]
 [-0.50020269]]",-4149.0,1937.0
524,"[[ 0.78331199]
 [ 0.33677164]
 [-0.5225009 ]]",-4082.0,1866.0
525,"[[ 0.79003832]
 [ 0.34961186]
 [-0.50359805]]",-4098.0,1857.0
526,"[[ 0.78971109]
 [ 0.35304325]
 [-0.50171391]]",-4105.0,1855.0
527,"[[ 0.78554076]
 [ 0.34357831]
 [-0.51466462]]",-4075.0,1825.0
528,"[[ 0.78690484]
 [ 0.32473522]
 [-0.52471689]]",-4027.0,1761.0
529,"[[ 0.78439169]
 [ 0.34334115]
 [-0.5165719 ]]",-4004.0,1751.0
530,"[[ 0.78683664]
 [ 0.34248793]
 [-0.51341027]]",-3999.0,1746.0
531,"[[ 0.78649675]
 [ 0.34535212]
 [-0.51201052]]",-4004.0,1751.0
532,"[[ 0.79308223]
 [ 0.37421613]
 [-0.48060676]]",-4107.0,1844.0
533,"[[ 0.7912712 ]
 [ 0.36349853]
 [-0.49168965]]",-4147.0,1878.0
534,"[[ 0.79128011]
 [ 0.36393643]
 [-0.49135126]]",-4177.0,1904.0
535,"[[ 0.79351646]
 [ 0.38978679]
 [-0.46733059]]",-4271.0,2000.0
536,"[[ 0.7986416]
 [ 0.3823965]
 [-0.4646983]]",-4361.0,2064.0
537,"[[ 0.79458527]
 [ 0.390902  ]
 [-0.46457494]]",-4424.0,2128.0
538,"[[ 0.79150166]
 [ 0.37323774]
 [-0.48396147]]",-4395.0,2110.0
539,"[[ 0.79103377]
 [ 0.37605227]
 [-0.48254561]]",-4381.0,2105.0
540,"[[ 0.7887785 ]
 [ 0.39813361]
 [-0.4683141 ]]",-4405.0,2161.0
541,"[[ 0.77801021]
 [ 0.28299288]
 [-0.56090564]]",-4175.0,1910.0
542,"[[ 0.77722979]
 [ 0.28007964]
 [-0.5634441 ]]",-3999.0,1721.0
543,"[[ 0.76931182]
 [ 0.24702605]
 [-0.58918372]]",-3815.0,1519.0
544,"[[ 0.77056389]
 [ 0.23862519]
 [-0.59100703]]",-3674.0,1357.0
545,"[[ 0.77139467]
 [ 0.23886284]
 [-0.58982608]]",-3585.0,1243.0
546,"[[ 0.77329953]
 [ 0.24297637]
 [-0.58563668]]",-3525.0,1166.0
547,"[[ 0.78239435]
 [ 0.29300937]
 [-0.54954944]]",-3565.0,1210.0
548,"[[ 0.77365409]
 [ 0.25266491]
 [-0.5810506 ]]",-3513.0,1157.0
549,"[[ 0.77804729]
 [ 0.27579561]
 [-0.5644282 ]]",-3519.0,1165.0
550,"[[ 0.77820845]
 [ 0.28416408]
 [-0.56003784]]",-3536.0,1188.0
551,"[[ 0.78085414]
 [ 0.3062376 ]
 [-0.54450467]]",-3586.0,1252.0
552,"[[ 0.77932629]
 [ 0.29551983]
 [-0.55255639]]",-3611.0,1277.0
553,"[[ 0.78238372]
 [ 0.31581605]
 [-0.53678296]]",-3665.0,1340.0
554,"[[ 0.78187218]
 [ 0.31835451]
 [-0.53602827]]",-3713.0,1393.0
555,"[[ 0.78386433]
 [ 0.31414501]
 [-0.53560212]]",-3758.0,1427.0
556,"[[ 0.78762725]
 [ 0.33870807]
 [-0.51470395]]",-3846.0,1512.0
557,"[[ 0.78706466]
 [ 0.31363705]
 [-0.53118831]]",-3874.0,1519.0
558,"[[ 0.78177088]
 [ 0.29444784]
 [-0.54966786]]",-3843.0,1476.0
559,"[[ 0.78235392]
 [ 0.29564982]
 [-0.54819113]]",-3825.0,1448.0
560,"[[ 0.78168892]
 [ 0.28469366]
 [-0.55489815]]",-3787.0,1402.0
561,"[[ 0.77975076]
 [ 0.28402109]
 [-0.55796127]]",-3750.0,1365.0
562,"[[ 0.77803543]
 [ 0.28069712]
 [-0.56202313]]",-3706.0,1329.0
563,"[[ 0.78063738]
 [ 0.29278707]
 [-0.55216032]]",-3693.0,1326.0
564,"[[ 0.78105129]
 [ 0.27696619]
 [-0.55968618]]",-3671.0,1296.0
565,"[[ 0.79151354]
 [ 0.29842583]
 [-0.53333699]]",-3730.0,1328.0
566,"[[ 0.79113222]
 [ 0.30510547]
 [-0.53011363]]",-3778.0,1365.0
567,"[[ 0.79280864]
 [ 0.30318153]
 [-0.5287111 ]]",-3817.0,1389.0
568,"[[ 0.79216953]
 [ 0.30703039]
 [-0.52744647]]",-3852.0,1416.0
569,"[[ 0.78804059]
 [ 0.32228862]
 [-0.52452081]]",-3879.0,1463.0
570,"[[ 0.78479491]
 [ 0.30194159]
 [-0.54122844]]",-3850.0,1448.0
571,"[[ 0.77352811]
 [ 0.25427219]
 [-0.58051695]]",-3736.0,1337.0
572,"[[ 0.78097048]
 [ 0.2902286 ]
 [-0.55303929]]",-3720.0,1329.0
573,"[[ 0.78085532]
 [ 0.31464602]
 [-0.53968773]]",-3740.0,1374.0
574,"[[ 0.7826336 ]
 [ 0.29648975]
 [-0.54733763]]",-3737.0,1370.0
575,"[[ 0.77954374]
 [ 0.28217547]
 [-0.55918562]]",-3696.0,1333.0
576,"[[ 0.77746982]
 [ 0.26883081]
 [-0.56856898]]",-3643.0,1279.0
577,"[[ 0.78373095]
 [ 0.34123977]
 [-0.51896167]]",-3716.0,1392.0
578,"[[ 0.78435804]
 [ 0.36366908]
 [-0.50252091]]",-3820.0,1533.0
579,"[[ 0.78789525]
 [ 0.37689911]
 [-0.48699911]]",-3940.0,1677.0
580,"[[ 0.79804026]
 [ 0.37927603]
 [-0.46827495]]",-4103.0,1814.0
581,"[[ 0.80121972]
 [ 0.41353939]
 [-0.43247212]]",-4358.0,2043.0
582,"[[ 0.80147838]
 [ 0.40689792]
 [-0.43825391]]",-4528.0,2189.0
583,"[[ 0.79591386]
 [ 0.3825434 ]
 [-0.4692352 ]]",-4532.0,2196.0
584,"[[ 0.79508513]
 [ 0.39080184]
 [-0.46380336]]",-4550.0,2224.0
585,"[[ 0.79532169]
 [ 0.37708484]
 [-0.47462662]]",-4529.0,2203.0
586,"[[ 0.79507735]
 [ 0.37391146]
 [-0.47753767]]",-4505.0,2179.0
587,"[[ 0.79446818]
 [ 0.3635184 ]
 [-0.48649222]]",-4456.0,2129.0
588,"[[ 0.79019349]
 [ 0.35037747]
 [-0.50282191]]",-4364.0,2048.0
589,"[[ 0.78965175]
 [ 0.31980125]
 [-0.5236194 ]]",-4245.0,1916.0
590,"[[ 0.79038355]
 [ 0.31431886]
 [-0.52583029]]",-4153.0,1809.0
591,"[[ 0.78745041]
 [ 0.3120205 ]
 [-0.53156849]]",-4065.0,1721.0
592,"[[ 0.78864353]
 [ 0.31092744]
 [-0.53043898]]",-4005.0,1657.0
593,"[[ 0.78465506]
 [ 0.29232909]
 [-0.54668103]]",-3920.0,1567.0
594,"[[ 0.78870781]
 [ 0.32336909]
 [-0.52285028]]",-3922.0,1572.0
595,"[[ 0.79065005]
 [ 0.36937573]
 [-0.48829712]]",-4018.0,1694.0
596,"[[ 0.79468385]
 [ 0.38215125]
 [-0.47163333]]",-4144.0,1828.0
597,"[[ 0.79015894]
 [ 0.36252301]
 [-0.49419219]]",-4164.0,1861.0
598,"[[ 0.79001818]
 [ 0.3534219 ]
 [-0.50096331]]",-4153.0,1859.0
599,"[[ 0.79144797]
 [ 0.34850543]
 [-0.50214945]]",-4139.0,1845.0
600,"[[ 0.7829226 ]
 [ 0.21138766]
 [-0.58510465]]",-3931.0,1557.0
601,"[[ 0.78974476]
 [ 0.14016831]
 [-0.59720688]]",-3779.0,1243.0
602,"[[ 0.78627297]
 [ 0.11812247]
 [-0.60648322]]",-3647.0,980.0
603,"[[ 0.76546577]
 [ 0.06857345]
 [-0.63981235]]",-3459.0,713.0
604,"[[ 0.73733471]
 [ 0.02739607]
 [-0.67497184]]",-3236.0,463.0
605,"[[ 0.71898026]
 [ 0.00737111]
 [-0.6949914 ]]",-3018.0,255.0
606,"[[ 0.70063277]
 [-0.01674017]
 [-0.71332565]]",-2814.0,75.0
607,"[[ 0.69351492]
 [-0.02606533]
 [-0.7199706 ]]",-2650.0,-68.0
608,"[[ 0.71607526]
 [ 0.00339266]
 [-0.69801483]]",-2581.0,-137.0
609,"[[ 0.71397742]
 [-0.00106982]
 [-0.70016791]]",-2526.0,-193.0
610,"[[ 0.71404782]
 [-0.00430469]
 [-0.7000837 ]]",-2486.0,-238.0
611,"[[ 0.69296544]
 [-0.02748624]
 [-0.72044667]]",-2410.0,-298.0
612,"[[ 0.70178072]
 [-0.01842912]
 [-0.71215461]]",-2374.0,-331.0
613,"[[ 0.69756476]
 [-0.01834039]
 [-0.71628698]]",-2341.0,-355.0
614,"[[ 0.72214657]
 [ 0.01680628]
 [-0.69153589]]",-2382.0,-332.0
615,"[[ 0.71969554]
 [ 0.00710907]
 [-0.6942534 ]]",-2407.0,-327.0
616,"[[ 0.72232796]
 [ 0.0140317 ]
 [-0.69140829]]",-2431.0,-315.0
617,"[[ 0.71521888]
 [ 0.00212526]
 [-0.6988973 ]]",-2423.0,-320.0
618,"[[ 0.70886156]
 [-0.00410682]
 [-0.70533569]]",-2405.0,-332.0
619,"[[ 0.68880543]
 [-0.02841691]
 [-0.72438909]]",-2347.0,-368.0
620,"[[ 0.69185752]
 [-0.0254257 ]
 [-0.72158624]]",-2314.0,-390.0
621,"[[ 0.67292075]
 [-0.04569943]
 [-0.73830158]]",-2251.0,-430.0
622,"[[ 0.713008  ]
 [ 0.0033007 ]
 [-0.70114813]]",-2291.0,-403.0
623,"[[ 0.72502984]
 [ 0.02040674]
 [-0.68841506]]",-2354.0,-362.0
624,"[[ 0.70269806]
 [-0.00815632]
 [-0.71144143]]",-2345.0,-366.0
625,"[[ 0.72324543]
 [ 0.01791055]
 [-0.69035879]]",-2392.0,-338.0
626,"[[ 0.73666922]
 [ 0.03889439]
 [-0.67513383]]",-2464.0,-292.0
627,"[[ 0.6980973 ]
 [-0.0182315 ]
 [-0.71577076]]",-2416.0,-328.0
628,"[[ 0.74735471]
 [ 0.04642152]
 [-0.66280162]]",-2517.0,-273.0
629,"[[ 0.73319878]
 [ 0.02941052]
 [-0.67937808]]",-2547.0,-256.0
630,"[[ 0.733295  ]
 [ 0.02969299]
 [-0.67926193]]",-2576.0,-244.0
631,"[[ 0.72733416]
 [ 0.02012552]
 [-0.68598833]]",-2577.0,-247.0
632,"[[ 0.70771083]
 [-0.00633859]
 [-0.70647378]]",-2524.0,-282.0
633,"[[ 0.72115978]
 [ 0.01077249]
 [-0.69268501]]",-2516.0,-286.0
634,"[[ 0.7555193 ]
 [ 0.06041733]
 [-0.65233452]]",-2604.0,-223.0
635,"[[ 0.76925668]
 [ 0.09480536]
 [-0.63186715]]",-2722.0,-129.0
636,"[[ 0.78466471]
 [ 0.11208418]
 [-0.60970356]]",-2867.0,-32.0
637,"[[ 0.76974608]
 [ 0.08361021]
 [-0.63285093]]",-2916.0,-4.0
638,"[[ 0.74859769]
 [ 0.056452  ]
 [-0.66061688]]",-2871.0,-24.0
639,"[[ 0.74859163]
 [ 0.05519753]
 [-0.66072975]]",-2838.0,-40.0
640,"[[ 0.76171085]
 [ 0.07532523]
 [-0.64352365]]",-2850.0,-24.0
641,"[[ 0.77970356]
 [ 0.10761532]
 [-0.61683166]]",-2923.0,36.0
642,"[[ 0.75767129]
 [ 0.06799476]
 [-0.64908469]]",-2902.0,21.0
643,"[[ 0.72029885]
 [ 0.01756815]
 [-0.69344137]]",-2784.0,-56.0
644,"[[ 0.72621605]
 [ 0.01802042]
 [-0.68723032]]",-2710.0,-111.0
645,"[[ 0.73450614]
 [ 0.02841829]
 [-0.67800673]]",-2678.0,-139.0
646,"[[ 0.74439941]
 [ 0.04450135]
 [-0.66625006]]",-2683.0,-138.0
647,"[[ 0.75968252]
 [ 0.06872613]
 [-0.64665229]]",-2733.0,-104.0
648,"[[ 0.76120488]
 [ 0.06890424]
 [-0.64484055]]",-2783.0,-78.0
649,"[[ 0.73528849]
 [ 0.02908379]
 [-0.67712995]]",-2742.0,-114.0
650,"[[ 0.74470681]
 [ 0.04086834]
 [-0.66613929]]",-2740.0,-125.0
651,"[[ 0.7565564 ]
 [ 0.05708336]
 [-0.65143219]]",-2775.0,-110.0
652,"[[ 0.76828765]
 [ 0.07995238]
 [-0.63509189]]",-2832.0,-67.0
653,"[[ 0.77210733]
 [ 0.09027408]
 [-0.62904758]]",-2884.0,-21.0
654,"[[ 0.78043549]
 [ 0.10228989]
 [-0.61681214]]",-2959.0,32.0
655,"[[ 0.7739343 ]
 [ 0.08433637]
 [-0.62762495]]",-2990.0,44.0
656,"[[ 0.75218688]
 [ 0.05494656]
 [-0.65665499]]",-2935.0,10.0
657,"[[ 0.76777523]
 [ 0.08596233]
 [-0.63492651]]",-2941.0,28.0
658,"[[ 0.74845003]
 [ 0.04690557]
 [-0.66153037]]",-2880.0,-12.0
659,"[[ 0.75432085]
 [ 0.06195312]
 [-0.65357621]]",-2854.0,-22.0
660,"[[ 0.74329664]
 [ 0.03956761]
 [-0.66779077]]",-2801.0,-59.0
661,"[[ 0.74353999]
 [ 0.04862809]
 [-0.66692098]]",-2771.0,-74.0
662,"[[ 0.72622951]
 [ 0.02511517]
 [-0.68699339]]",-2702.0,-116.0
663,"[[ 0.72745804]
 [ 0.02857153]
 [-0.68555705]]",-2663.0,-142.0
664,"[[ 0.70462414]
 [-0.00168981]
 [-0.70957873]]",-2579.0,-200.0
665,"[[ 0.70919936]
 [ 0.00353973]
 [-0.7049991 ]]",-2531.0,-235.0
666,"[[ 0.70302922]
 [-0.005429  ]
 [-0.71114024]]",-2482.0,-272.0
667,"[[ 0.68976675]
 [-0.02350492]
 [-0.72365002]]",-2416.0,-320.0
668,"[[ 0.70514244]
 [-0.00323726]
 [-0.70905829]]",-2402.0,-331.0
669,"[[ 0.69653788]
 [-0.01267358]
 [-0.71740808]]",-2368.0,-350.0
670,"[[ 0.70768413]
 [ 0.00587047]
 [-0.70650457]]",-2375.0,-343.0
671,"[[ 0.72986874]
 [ 0.02987328]
 [-0.68293427]]",-2435.0,-307.0
672,"[[ 0.72437888]
 [ 0.01946827]
 [-0.68912715]]",-2467.0,-295.0
673,"[[ 0.72040383]
 [ 0.01593711]
 [-0.69337171]]",-2482.0,-290.0
674,"[[ 0.71713827]
 [ 0.01019369]
 [-0.69685636]]",-2483.0,-294.0
675,"[[ 0.74642642]
 [ 0.04532317]
 [-0.66392274]]",-2556.0,-250.0
676,"[[ 0.73185803]
 [ 0.02380381]
 [-0.68104126]]",-2567.0,-246.0
677,"[[ 0.7397221 ]
 [ 0.03555237]
 [-0.67197265]]",-2592.0,-228.0
678,"[[ 0.72434338]
 [ 0.01564163]
 [-0.68926193]]",-2567.0,-240.0
679,"[[ 7.13461576e-01]
 [-1.45595211e-04]
 [-7.00694340e-01]]",-2524.0,-268.0
680,"[[ 0.70580218]
 [-0.01193948]
 [-0.70830836]]",-2474.0,-303.0
681,"[[ 0.69793821]
 [-0.02148639]
 [-0.71583559]]",-2420.0,-340.0
682,"[[ 0.69435279]
 [-0.02668544]
 [-0.71913983]]",-2370.0,-372.0
683,"[[ 0.69934685]
 [-0.01744015]
 [-0.71456968]]",-2349.0,-385.0
684,"[[ 0.69857632]
 [-0.01808076]
 [-0.71530708]]",-2337.0,-397.0
685,"[[ 0.69733547]
 [-0.02083578]
 [-0.71644198]]",-2325.0,-407.0
686,"[[ 0.6859392 ]
 [-0.03377124]
 [-0.72687476]]",-2293.0,-431.0
687,"[[ 0.7086759 ]
 [-0.00142934]
 [-0.70553273]]",-2315.0,-409.0
688,"[[ 0.69941997]
 [-0.0111389 ]
 [-0.71462411]]",-2306.0,-404.0
689,"[[ 0.6975833 ]
 [-0.01299265]
 [-0.71638588]]",-2289.0,-402.0
690,"[[ 0.7137069 ]
 [ 0.00589198]
 [-0.70041969]]",-2318.0,-379.0
691,"[[ 0.73909072]
 [ 0.05638386]
 [-0.67124196]]",-2410.0,-299.0
692,"[[ 0.77982018]
 [ 0.22624173]
 [-0.58369099]]",-2677.0,17.0
693,"[[ 0.79081623]
 [ 0.29038293]
 [-0.5387833 ]]",-2977.0,373.0
694,"[[ 0.79193036]
 [ 0.30716612]
 [-0.52772652]]",-3226.0,671.0
695,"[[ 0.79545639]
 [ 0.33645092]
 [-0.50403364]]",-3476.0,961.0
696,"[[ 0.79487074]
 [ 0.32981055]
 [-0.50931867]]",-3648.0,1157.0
697,"[[ 0.8013236 ]
 [ 0.39214441]
 [-0.45177787]]",-3956.0,1489.0
698,"[[ 0.80018322]
 [ 0.3869292 ]
 [-0.4582495 ]]",-4165.0,1714.0
699,"[[ 0.79916411]
 [ 0.37294219]
 [-0.47143489]]",-4276.0,1833.0
700,"[[ 0.79419141]
 [ 0.3657262 ]
 [-0.4852879 ]]",-4304.0,1887.0
701,"[[ 0.79616898]
 [ 0.39248401]
 [-0.46051195]]",-4400.0,2010.0
702,"[[ 0.79342034]
 [ 0.3704589 ]
 [-0.4829538 ]]",-4406.0,2031.0
703,"[[ 0.79600118]
 [ 0.37944062]
 [-0.47160041]]",-4446.0,2076.0
704,"[[ 0.79380502]
 [ 0.36995527]
 [-0.48270766]]",-4441.0,2078.0
705,"[[ 0.79581604]
 [ 0.3734973 ]
 [-0.47663046]]",-4458.0,2095.0
706,"[[ 0.80302846]
 [ 0.38125901]
 [-0.45802494]]",-4548.0,2150.0
707,"[[ 0.80182394]
 [ 0.39184772]
 [-0.45114714]]",-4634.0,2223.0
708,"[[ 0.79702194]
 [ 0.35598023]
 [-0.4878874 ]]",-4575.0,2156.0
709,"[[ 0.8030995 ]
 [ 0.46121842]
 [-0.37723834]]",-4976.0,2541.0
710,"[[ 0.78155634]
 [ 0.23223895]
 [-0.57899461]]",-4605.0,2113.0
711,"[[ 0.75705857]
 [ 0.22901052]
 [-0.61189582]]",-4233.0,1777.0
712,"[[ 0.76147758]
 [ 0.22946156]
 [-0.6062172 ]]",-3984.0,1538.0
713,"[[ 0.75314473]
 [ 0.22447015]
 [-0.61837381]]",-3764.0,1348.0
714,"[[ 0.76576326]
 [ 0.24404756]
 [-0.59501883]]",-3662.0,1251.0
715,"[[ 0.81406865]
 [ 0.40176145]
 [-0.41938046]]",-4159.0,1658.0
716,"[[ 0.80915632]
 [ 0.46874058]
 [-0.35432799]]",-4806.0,2266.0
717,"[[ 0.81060467]
 [ 0.44541133]
 [-0.38016946]]",-5133.0,2571.0
718,"[[ 0.80489222]
 [ 0.4557539 ]
 [-0.38004854]]",-5347.0,2810.0
719,"[[ 0.80889454]
 [ 0.45014557]
 [-0.37823086]]",-5517.0,2975.0
720,"[[ 0.81174001]
 [ 0.43647209]
 [-0.38803384]]",-5596.0,3037.0
721,"[[ 0.80397382]
 [ 0.41702978]
 [-0.42392483]]",-5488.0,2962.0
722,"[[ 0.80430431]
 [ 0.41971186]
 [-0.42063824]]",-5423.0,2919.0
723,"[[ 0.80250327]
 [ 0.40480228]
 [-0.43831908]]",-5309.0,2826.0
724,"[[ 0.8002264 ]
 [ 0.40666206]
 [-0.44075354]]",-5217.0,2759.0
725,"[[ 0.80112922]
 [ 0.41806397]
 [-0.42826918]]",-5203.0,2759.0
726,"[[ 0.80237196]
 [ 0.43022315]
 [-0.41365116]]",-5251.0,2813.0
727,"[[ 0.8077522 ]
 [ 0.43672839]
 [-0.39598573]]",-5373.0,2907.0
728,"[[ 0.8072427 ]
 [ 0.43651429]
 [-0.39725873]]",-5445.0,2967.0
729,"[[ 0.81198858]
 [ 0.42862817]
 [-0.39617223]]",-5513.0,2997.0
730,"[[ 0.81133325]
 [ 0.43334186]
 [-0.3923687 ]]",-5577.0,3038.0
731,"[[ 0.81010228]
 [ 0.44267146]
 [-0.3844168 ]]",-5657.0,3107.0
732,"[[ 0.8069715 ]
 [ 0.45249724]
 [-0.3795303 ]]",-5737.0,3196.0
733,"[[ 0.80756657]
 [ 0.43015376]
 [-0.40348976]]",-5691.0,3154.0
734,"[[ 0.80618028]
 [ 0.42398196]
 [-0.41268953]]",-5617.0,3089.0
735,"[[ 0.8052612 ]
 [ 0.43398167]
 [-0.40399791]]",-5592.0,3079.0
736,"[[ 0.80794186]
 [ 0.42494735]
 [-0.4082275 ]]",-5558.0,3042.0
737,"[[ 0.80550104]
 [ 0.44213839]
 [-0.39456523]]",-5592.0,3086.0
738,"[[ 0.80350276]
 [ 0.43752718]
 [-0.40367473]]",-5575.0,3088.0
739,"[[ 0.80846127]
 [ 0.39880891]
 [-0.43283002]]",-5458.0,2951.0
740,"[[ 0.80595696]
 [ 0.4032782 ]
 [-0.43335906]]",-5364.0,2857.0
741,"[[ 0.79878563]
 [ 0.35982622]
 [-0.48214792]]",-5111.0,2626.0
742,"[[ 0.80134338]
 [ 0.38418789]
 [-0.45852856]]",-5003.0,2535.0
743,"[[ 0.79966349]
 [ 0.40414398]
 [-0.44407877]]",-4975.0,2532.0
744,"[[ 0.79592013]
 [ 0.37738326]
 [-0.47338464]]",-4854.0,2435.0
745,"[[ 0.8078805 ]
 [ 0.40705934]
 [-0.42618282]]",-4952.0,2501.0
746,"[[ 0.80566494]
 [ 0.3617697 ]
 [-0.46907003]]",-4868.0,2391.0
747,"[[ 0.81949252]
 [ 0.36836999]
 [-0.43901658]]",-4934.0,2369.0
748,"[[ 0.79954799]
 [ 0.26712755]
 [-0.5379274 ]]",-4688.0,2070.0
749,"[[ 0.83806787]
 [ 0.34442536]
 [-0.42309978]]",-4940.0,2129.0
750,"[[ 0.83077064]
 [ 0.41273592]
 [-0.37345576]]",-5323.0,2421.0
751,"[[ 0.81347679]
 [ 0.433622  ]
 [-0.38759188]]",-5483.0,2640.0
752,"[[ 0.80733958]
 [ 0.43164764]
 [-0.40234701]]",-5523.0,2762.0
753,"[[ 0.80158557]
 [ 0.41342743]
 [-0.43190083]]",-5417.0,2747.0
754,"[[ 0.80922769]
 [ 0.42461802]
 [-0.40601735]]",-5449.0,2808.0
755,"[[ 0.81353854]
 [ 0.41618524]
 [-0.40613407]]",-5483.0,2835.0
756,"[[ 0.80965213]
 [ 0.45043198]
 [-0.37626381]]",-5648.0,3010.0
757,"[[ 0.80053868]
 [ 0.45706515]
 [-0.38759422]]",-5675.0,3111.0
758,"[[ 0.7953982 ]
 [ 0.46868745]
 [-0.38428345]]",-5704.0,3224.0
759,"[[ 0.79685255]
 [ 0.459565  ]
 [-0.3922066 ]]",-5688.0,3262.0
760,"[[ 0.79858114]
 [ 0.45584137]
 [-0.39303537]]",-5686.0,3285.0
761,"[[ 0.80749157]
 [ 0.43617671]
 [-0.39712371]]",-5676.0,3243.0
762,"[[ 0.80245464]
 [ 0.44529585]
 [-0.39721298]]",-5673.0,3241.0
763,"[[ 0.80517055]
 [ 0.43531065]
 [-0.40274684]]",-5652.0,3204.0
764,"[[ 0.80514634]
 [ 0.43137704]
 [-0.40700518]]",-5612.0,3156.0
765,"[[ 0.80737416]
 [ 0.4262046 ]
 [-0.40803995]]",-5585.0,3108.0
766,"[[ 0.80474076]
 [ 0.43635518]
 [-0.40247542]]",-5579.0,3105.0
767,"[[ 0.80687411]
 [ 0.43308354]
 [-0.40173724]]",-5577.0,3095.0
768,"[[ 0.80715228]
 [ 0.44281169]
 [-0.39041388]]",-5622.0,3134.0
769,"[[ 0.80749511]
 [ 0.44957656]
 [-0.38188029]]",-5698.0,3201.0
770,"[[ 0.81276392]
 [ 0.44135491]
 [-0.38029022]]",-5768.0,3232.0
771,"[[ 0.81045608]
 [ 0.43541558]
 [-0.39188546]]",-5757.0,3212.0
772,"[[ 0.809675  ]
 [ 0.43592543]
 [-0.39293182]]",-5759.0,3204.0
773,"[[ 0.80138483]
 [ 0.45087407]
 [-0.39305842]]",-5756.0,3237.0
774,"[[ 0.80250936]
 [ 0.45237795]
 [-0.38901532]]",-5764.0,3270.0
775,"[[ 0.80848494]
 [ 0.44545986]
 [-0.38460059]]",-5802.0,3289.0
776,"[[ 0.80699339]
 [ 0.44948001]
 [-0.38305273]]",-5834.0,3316.0
777,"[[ 0.80608327]
 [ 0.43958402]
 [-0.39622677]]",-5795.0,3280.0
778,"[[ 0.80613214]
 [ 0.43895129]
 [-0.39682834]]",-5767.0,3253.0
779,"[[ 0.80328045]
 [ 0.41705566]
 [-0.42521183]]",-5600.0,3114.0
780,"[[ 0.81033434]
 [ 0.4287187 ]
 [-0.39944778]]",-5601.0,3093.0
781,"[[ 0.79292944]
 [ 0.41211157]
 [-0.44880615]]",-5372.0,2942.0
782,"[[ 0.7940151 ]
 [ 0.41391825]
 [-0.44520973]]",-5224.0,2844.0
783,"[[ 0.79337507]
 [ 0.41262204]
 [-0.44754782]]",-5106.0,2766.0
784,"[[ 0.79465301]
 [ 0.42483763]
 [-0.43363532]]",-5060.0,2753.0
785,"[[ 0.79537268]
 [ 0.41656281]
 [-0.44029278]]",-5006.0,2716.0
786,"[[ 0.80025951]
 [ 0.43056202]
 [-0.417374  ]]",-5068.0,2765.0
787,"[[ 0.80330526]
 [ 0.41541934]
 [-0.42676391]]",-5095.0,2757.0
788,"[[ 0.80402231]
 [ 0.41054011]
 [-0.43012201]]",-5110.0,2738.0
789,"[[ 0.80590815]
 [ 0.4290718 ]
 [-0.40793313]]",-5209.0,2806.0
790,"[[ 0.80476499]
 [ 0.42352445]
 [-0.41590907]]",-5244.0,2825.0
791,"[[ 0.80230231]
 [ 0.4147629 ]
 [-0.42928167]]",-5210.0,2793.0
792,"[[ 0.80008557]
 [ 0.41460251]
 [-0.43355258]]",-5171.0,2764.0
793,"[[ 0.80007657]
 [ 0.41923507]
 [-0.42909141]]",-5149.0,2756.0
794,"[[ 0.79992728]
 [ 0.41422618]
 [-0.43420388]]",-5114.0,2730.0
795,"[[ 0.80037724]
 [ 0.41615828]
 [-0.4315189 ]]",-5100.0,2720.0
796,"[[ 0.80190873]
 [ 0.42075932]
 [-0.4241509 ]]",-5126.0,2739.0
797,"[[ 0.80126612]
 [ 0.41924138]
 [-0.42685978]]",-5130.0,2743.0
798,"[[ 0.80160373]
 [ 0.41510661]
 [-0.43025338]]",-5121.0,2731.0
799,"[[ 0.79575489]
 [ 0.40492048]
 [-0.45034827]]",-5032.0,2666.0
800,"[[ 0.79608083]
 [ 0.41172452]
 [-0.44355184]]",-4986.0,2642.0
801,"[[ 0.79023235]
 [ 0.41148854]
 [-0.45410354]]",-4905.0,2604.0
802,"[[ 0.78769343]
 [ 0.40596472]
 [-0.46339152]]",-4809.0,2550.0
803,"[[ 0.78637028]
 [ 0.39902201]
 [-0.47159646]]",-4714.0,2485.0
804,"[[ 0.78651301]
 [ 0.41141705]
 [-0.4605793 ]]",-4678.0,2479.0
805,"[[ 0.78749145]
 [ 0.43808501]
 [-0.43351902]]",-4747.0,2574.0
806,"[[ 0.78567704]
 [ 0.43725195]
 [-0.43763263]]",-4790.0,2640.0
807,"[[ 0.78115778]
 [ 0.41718102]
 [-0.46449168]]",-4718.0,2598.0
808,"[[ 0.78350709]
 [ 0.42285952]
 [-0.4553092 ]]",-4693.0,2592.0
809,"[[ 0.78397737]
 [ 0.44378164]
 [-0.43409371]]",-4762.0,2673.0
810,"[[ 0.77991855]
 [ 0.45597621]
 [-0.4287339 ]]",-4826.0,2770.0
811,"[[ 0.78168383]
 [ 0.45438275]
 [-0.42720804]]",-4893.0,2846.0
812,"[[ 0.78788944]
 [ 0.44493452]
 [-0.42575052]]",-4957.0,2884.0
813,"[[ 0.78640424]
 [ 0.47526065]
 [-0.39458293]]",-5117.0,3046.0
814,"[[ 0.79106974]
 [ 0.44549318]
 [-0.41921891]]",-5162.0,3052.0
815,"[[ 0.79285939]
 [ 0.430656  ]
 [-0.43117213]]",-5169.0,3011.0
816,"[[ 0.78715956]
 [ 0.44849463]
 [-0.42335848]]",-5198.0,3037.0
817,"[[ 0.79176094]
 [ 0.45538465]
 [-0.40711109]]",-5291.0,3106.0
818,"[[ 0.78736427]
 [ 0.46104414]
 [-0.40926253]]",-5326.0,3154.0
819,"[[ 0.79515626]
 [ 0.43801506]
 [-0.41936777]]",-5322.0,3115.0
820,"[[ 0.79247198]
 [ 0.43058127]
 [-0.43195826]]",-5259.0,3041.0
821,"[[ 0.7918139 ]
 [ 0.41512286]
 [-0.44799974]]",-5152.0,2925.0
822,"[[ 0.79245199]
 [ 0.42287017]
 [-0.43954597]]",-5090.0,2864.0
823,"[[ 0.78751151]
 [ 0.41862734]
 [-0.45230164]]",-5003.0,2793.0
824,"[[ 0.77996714]
 [ 0.40394191]
 [-0.47799811]]",-4842.0,2670.0
825,"[[ 0.7767958 ]
 [ 0.40009651]
 [-0.48632403]]",-4689.0,2558.0
826,"[[ 0.78521589]
 [ 0.41636066]
 [-0.45834463]]",-4676.0,2550.0
827,"[[ 0.78015053]
 [ 0.40968285]
 [-0.47278442]]",-4606.0,2505.0
828,"[[ 0.78265781]
 [ 0.40505968]
 [-0.47262397]]",-4555.0,2462.0
829,"[[ 0.78577161]
 [ 0.43660819]
 [-0.43810532]]",-4638.0,2550.0
830,"[[ 0.78820079]
 [ 0.4338883 ]
 [-0.43644066]]",-4706.0,2611.0
831,"[[ 0.78627399]
 [ 0.43823586]
 [-0.4355715 ]]",-4749.0,2663.0
832,"[[ 0.78510247]
 [ 0.43928998]
 [-0.43662161]]",-4785.0,2706.0
833,"[[ 0.78529474]
 [ 0.4469793 ]
 [-0.42839429]]",-4847.0,2773.0
834,"[[ 0.78262951]
 [ 0.43500206]
 [-0.44526875]]",-4826.0,2763.0
835,"[[ 0.78040873]
 [ 0.43048148]
 [-0.45348419]]",-4778.0,2732.0
836,"[[ 0.78276343]
 [ 0.42584584]
 [-0.45380253]]",-4743.0,2698.0
837,"[[ 0.78509285]
 [ 0.42948639]
 [-0.44628541]]",-4746.0,2694.0
838,"[[ 0.78756859]
 [ 0.44007073]
 [-0.43136233]]",-4808.0,2741.0
839,"[[ 0.78818794]
 [ 0.43845252]
 [-0.43187863]]",-4858.0,2775.0
840,"[[ 0.7811955 ]
 [ 0.42835174]
 [-0.45414577]]",-4809.0,2740.0
841,"[[ 0.78349747]
 [ 0.36468186]
 [-0.50312907]]",-4638.0,2528.0
842,"[[ 0.78399782]
 [ 0.36171725]
 [-0.50448791]]",-4510.0,2368.0
843,"[[ 0.78990224]
 [ 0.38768756]
 [-0.47513452]]",-4506.0,2334.0
844,"[[ 0.78804847]
 [ 0.37536826]
 [-0.48793266]]",-4460.0,2267.0
845,"[[ 0.78522424]
 [ 0.36181754]
 [-0.50250469]]",-4381.0,2177.0
846,"[[ 0.78903068]
 [ 0.37679331]
 [-0.48523951]]",-4379.0,2160.0
847,"[[ 0.78668824]
 [ 0.36972071]
 [-0.49439681]]",-4346.0,2122.0
848,"[[ 0.78501185]
 [ 0.37846642]
 [-0.49042794]]",-4334.0,2116.0
849,"[[ 0.78311911]
 [ 0.363161  ]
 [-0.50481535]]",-4280.0,2066.0
850,"[[ 0.78699079]
 [ 0.38170564]
 [-0.48471259]]",-4306.0,2090.0
851,"[[ 0.78356942]
 [ 0.38822169]
 [-0.48508029]]",-4316.0,2117.0
852,"[[ 0.78423105]
 [ 0.38792014]
 [-0.48425161]]",-4324.0,2136.0
853,"[[ 0.78919131]
 [ 0.42341436]
 [-0.44485655]]",-4461.0,2278.0
854,"[[ 0.78238515]
 [ 0.40829518]
 [-0.47028557]]",-4466.0,2310.0
855,"[[ 0.77915036]
 [ 0.40325184]
 [-0.47990903]]",-4428.0,2305.0
856,"[[ 0.77836695]
 [ 0.39501303]
 [-0.48796475]]",-4370.0,2273.0
857,"[[ 0.77426068]
 [ 0.38907483]
 [-0.49914044]]",-4294.0,2225.0
858,"[[ 0.77488504]
 [ 0.38307618]
 [-0.50279799]]",-4239.0,2180.0
859,"[[ 0.77551531]
 [ 0.37387881]
 [-0.5087147 ]]",-4183.0,2123.0
860,"[[ 0.77892678]
 [ 0.37134587]
 [-0.50534672]]",-4156.0,2081.0
861,"[[ 0.77558706]
 [ 0.35431391]
 [-0.52242356]]",-4082.0,2000.0
862,"[[ 0.77663682]
 [ 0.35793982]
 [-0.51837664]]",-4036.0,1951.0
863,"[[ 0.7776081 ]
 [ 0.37324914]
 [-0.50597502]]",-4040.0,1957.0
864,"[[ 0.77611926]
 [ 0.35922278]
 [-0.51826431]]",-4014.0,1926.0
865,"[[ 0.78890518]
 [ 0.39339191]
 [-0.47209261]]",-4154.0,2028.0
866,"[[ 0.79272353]
 [ 0.41085021]
 [-0.45032378]]",-4330.0,2168.0
867,"[[ 0.7884706 ]
 [ 0.39089173]
 [-0.47488712]]",-4372.0,2193.0
868,"[[ 0.78672299]
 [ 0.39958449]
 [-0.47053074]]",-4412.0,2234.0
869,"[[ 0.78698033]
 [ 0.40393505]
 [-0.46636727]]",-4449.0,2276.0
870,"[[ 0.78614717]
 [ 0.39865364]
 [-0.47227947]]",-4451.0,2284.0
871,"[[ 0.78423113]
 [ 0.41017146]
 [-0.46555441]]",-4469.0,2322.0
872,"[[ 0.78470646]
 [ 0.40882961]
 [-0.46593361]]",-4480.0,2345.0
873,"[[ 0.78854646]
 [ 0.42035362]
 [-0.44888453]]",-4547.0,2412.0
874,"[[ 0.7868736 ]
 [ 0.41222076]
 [-0.45924283]]",-4557.0,2426.0
875,"[[ 0.78579825]
 [ 0.41319051]
 [-0.4602116 ]]",-4563.0,2438.0
876,"[[ 0.78566978]
 [ 0.3956656 ]
 [-0.47557516]]",-4520.0,2391.0
877,"[[ 0.77939498]
 [ 0.35309735]
 [-0.51755746]]",-4365.0,2230.0
878,"[[ 0.7807751 ]
 [ 0.36077232]
 [-0.51013095]]",-4275.0,2136.0
879,"[[ 0.78390654]
 [ 0.37675048]
 [-0.49350745]]",-4261.0,2115.0
880,"[[ 0.78242462]
 [ 0.37783008]
 [-0.49503145]]",-4247.0,2101.0
881,"[[ 0.78055495]
 [ 0.38691418]
 [-0.49094948]]",-4242.0,2110.0
882,"[[ 0.78481624]
 [ 0.39817407]
 [-0.47489038]]",-4294.0,2162.0
883,"[[ 0.78164617]
 [ 0.38646968]
 [-0.4895615 ]]",-4288.0,2158.0
884,"[[ 0.78117939]
 [ 0.3844099 ]
 [-0.49192255]]",-4278.0,2149.0
885,"[[ 0.78639561]
 [ 0.41311377]
 [-0.45925914]]",-4374.0,2242.0
886,"[[ 0.78546567]
 [ 0.41118949]
 [-0.46256555]]",-4424.0,2297.0
887,"[[ 0.78472408]
 [ 0.41800042]
 [-0.45769397]]",-4481.0,2361.0
888,"[[ 0.78031051]
 [ 0.41116408]
 [-0.471232  ]]",-4470.0,2372.0
889,"[[ 0.78766377]
 [ 0.40470575]
 [-0.46454175]]",-4494.0,2379.0
890,"[[ 0.78433734]
 [ 0.39092705]
 [-0.48165441]]",-4455.0,2334.0
891,"[[ 0.7850849 ]
 [ 0.3894205 ]
 [-0.48165691]]",-4424.0,2296.0
892,"[[ 0.78787263]
 [ 0.39214879]
 [-0.47484317]]",-4421.0,2281.0
893,"[[ 0.78222448]
 [ 0.36743546]
 [-0.5031064 ]]",-4336.0,2193.0
894,"[[ 0.77815322]
 [ 0.36452867]
 [-0.51146497]]",-4245.0,2112.0
895,"[[ 0.78051631]
 [ 0.36394467]
 [-0.50827016]]",-4194.0,2058.0
896,"[[ 0.78484047]
 [ 0.36375896]
 [-0.50170196]]",-4181.0,2026.0
897,"[[ 0.79111597]
 [ 0.40045359]
 [-0.46235532]]",-4298.0,2123.0
898,"[[ 0.7881796 ]
 [ 0.39191451]
 [-0.47452706]]",-4333.0,2156.0
899,"[[ 0.78234322]
 [ 0.38688263]
 [-0.48811978]]",-4311.0,2153.0
900,"[[ 0.78072242]
 [ 0.37845461]
 [-0.49723697]]",-4273.0,2126.0
901,"[[ 0.76894021]
 [ 0.37368871]
 [-0.51873664]]",-4177.0,2074.0
902,"[[ 0.76768721]
 [ 0.36586958]
 [-0.52611385]]",-4086.0,2014.0
903,"[[ 0.76619288]
 [ 0.35494056]
 [-0.53569177]]",-3988.0,1940.0
904,"[[ 0.7671798 ]
 [ 0.37302142]
 [-0.52181431]]",-3945.0,1929.0
905,"[[ 0.76641619]
 [ 0.36322665]
 [-0.52978546]]",-3894.0,1895.0
906,"[[ 0.76789967]
 [ 0.35955253]
 [-0.53014344]]",-3859.0,1864.0
907,"[[ 0.76589438]
 [ 0.34415252]
 [-0.54310665]]",-3805.0,1805.0
908,"[[ 0.76077072]
 [ 0.34057003]
 [-0.55248526]]",-3739.0,1748.0
909,"[[ 0.77412182]
 [ 0.43173371]
 [-0.4629702 ]]",-3952.0,1981.0
910,"[[ 0.78029605]
 [ 0.29241132]
 [-0.55284147]]",-3909.0,1814.0
911,"[[ 0.78628989]
 [ 0.34443857]
 [-0.51294277]]",-3995.0,1822.0
912,"[[ 0.78642723]
 [ 0.39418283]
 [-0.47555452]]",-4152.0,1960.0
913,"[[ 0.76578809]
 [ 0.35542295]
 [-0.53595067]]",-4068.0,1915.0
914,"[[ 0.76650518]
 [ 0.38703352]
 [-0.51251816]]",-4057.0,1958.0
915,"[[ 0.77030968]
 [ 0.39127929]
 [-0.50351118]]",-4068.0,2004.0
916,"[[ 0.77065165]
 [ 0.40561   ]
 [-0.49150439]]",-4099.0,2074.0
917,"[[ 0.75868772]
 [ 0.33058783]
 [-0.56134182]]",-3930.0,1921.0
918,"[[ 0.76050348]
 [ 0.35014252]
 [-0.54684063]]",-3839.0,1852.0
919,"[[ 0.75622979]
 [ 0.35112294]
 [-0.55211338]]",-3762.0,1800.0
920,"[[ 0.75298482]
 [ 0.34229821]
 [-0.5620016 ]]",-3685.0,1741.0
921,"[[ 0.7518945 ]
 [ 0.3391944 ]
 [-0.56533337]]",-3623.0,1691.0
922,"[[ 0.75411056]
 [ 0.33867756]
 [-0.56268533]]",-3582.0,1654.0
923,"[[ 0.7490939 ]
 [ 0.31647543]
 [-0.58198078]]",-3499.0,1575.0
924,"[[ 0.74981658]
 [ 0.31501998]
 [-0.58183976]]",-3447.0,1518.0
925,"[[ 0.77247036]
 [ 0.38391046]
 [-0.50586788]]",-3617.0,1665.0
926,"[[ 0.76955695]
 [ 0.35278016]
 [-0.53228588]]",-3671.0,1689.0
927,"[[ 0.7682721 ]
 [ 0.33944613]
 [-0.54271015]]",-3685.0,1674.0
928,"[[ 0.76944678]
 [ 0.36278841]
 [-0.52567692]]",-3732.0,1718.0
929,"[[ 0.76552209]
 [ 0.34648369]
 [-0.54214848]]",-3724.0,1706.0
930,"[[ 0.76251647]
 [ 0.32527941]
 [-0.55925122]]",-3673.0,1647.0
931,"[[ 0.76239956]
 [ 0.32194839]
 [-0.56133426]]",-3628.0,1596.0
932,"[[ 0.76737099]
 [ 0.34940402]
 [-0.53764169]]",-3654.0,1623.0
933,"[[ 0.76716388]
 [ 0.35453168]
 [-0.53457166]]",-3680.0,1655.0
934,"[[ 0.76750873]
 [ 0.36933178]
 [-0.52395075]]",-3724.0,1714.0
935,"[[ 0.76480342]
 [ 0.34653406]
 [-0.5431297 ]]",-3705.0,1699.0
936,"[[ 0.76481817]
 [ 0.35740701]
 [-0.53601623]]",-3705.0,1712.0
937,"[[ 0.75590425]
 [ 0.3070107 ]
 [-0.57823283]]",-3612.0,1609.0
938,"[[ 0.7520885 ]
 [ 0.30061653]
 [-0.58650881]]",-3528.0,1519.0
939,"[[ 0.7450622 ]
 [ 0.2793187 ]
 [-0.60569248]]",-3420.0,1409.0
940,"[[ 0.75216789]
 [ 0.30223149]
 [-0.58557629]]",-3384.0,1375.0
941,"[[ 0.76058041]
 [ 0.34331799]
 [-0.55104464]]",-3435.0,1439.0
942,"[[ 0.75961922]
 [ 0.34257413]
 [-0.55283055]]",-3468.0,1483.0
943,"[[ 0.76057462]
 [ 0.3486309 ]
 [-0.5477068 ]]",-3505.0,1530.0
944,"[[ 0.76158169]
 [ 0.34118319]
 [-0.55098762]]",-3531.0,1552.0
945,"[[ 0.76179993]
 [ 0.34782712]
 [-0.54651365]]",-3559.0,1581.0
946,"[[ 0.76053231]
 [ 0.33909579]
 [-0.55371893]]",-3562.0,1582.0
947,"[[ 0.76315503]
 [ 0.3543941 ]
 [-0.54036953]]",-3594.0,1620.0
948,"[[ 0.76141592]
 [ 0.35055916]
 [-0.54530182]]",-3600.0,1634.0
949,"[[ 0.75826835]
 [ 0.32768704]
 [-0.56360474]]",-3563.0,1593.0
950,"[[ 0.75993801]
 [ 0.33172091]
 [-0.55897716]]",-3549.0,1574.0
951,"[[ 0.75854645]
 [ 0.33241684]
 [-0.56045189]]",-3532.0,1559.0
952,"[[ 0.75765357]
 [ 0.32694737]
 [-0.56485971]]",-3508.0,1536.0
953,"[[ 0.75778853]
 [ 0.33713136]
 [-0.5586582 ]]",-3504.0,1540.0
954,"[[ 0.760181  ]
 [ 0.34489424]
 [-0.55061131]]",-3516.0,1561.0
955,"[[ 0.7550594 ]
 [ 0.32109924]
 [-0.57164726]]",-3475.0,1521.0
956,"[[ 0.76056107]
 [ 0.35297788]
 [-0.54493437]]",-3507.0,1564.0
957,"[[ 0.76093927]
 [ 0.34480165]
 [-0.54962101]]",-3519.0,1577.0
958,"[[ 0.75959663]
 [ 0.34501041]
 [-0.55134452]]",-3523.0,1585.0
959,"[[ 0.75963955]
 [ 0.36306255]
 [-0.53956773]]",-3549.0,1630.0
960,"[[ 0.75958815]
 [ 0.35058242]
 [-0.5478301 ]]",-3553.0,1637.0
961,"[[ 0.75126802]
 [ 0.28692075]
 [-0.5943676 ]]",-3461.0,1511.0
962,"[[ 0.75051323]
 [ 0.28358424]
 [-0.59691698]]",-3388.0,1413.0
963,"[[ 0.75293731]
 [ 0.28943232]
 [-0.59102821]]",-3353.0,1355.0
964,"[[ 0.7466318 ]
 [ 0.26954247]
 [-0.60818403]]",-3287.0,1272.0
965,"[[ 0.74581663]
 [ 0.26647406]
 [-0.61053184]]",-3233.0,1207.0
966,"[[ 0.7449596 ]
 [ 0.26268567]
 [-0.61321402]]",-3189.0,1153.0
967,"[[ 0.75184898]
 [ 0.2918963 ]
 [-0.59120189]]",-3213.0,1171.0
968,"[[ 0.75221374]
 [ 0.29098053]
 [-0.59118933]]",-3229.0,1183.0
969,"[[ 0.75218541]
 [ 0.29109456]
 [-0.59116924]]",-3237.0,1190.0
970,"[[ 0.75433655]
 [ 0.29850811]
 [-0.58469588]]",-3257.0,1211.0
971,"[[ 0.75932662]
 [ 0.32481518]
 [-0.56384234]]",-3320.0,1282.0
972,"[[ 0.76012935]
 [ 0.34112373]
 [-0.55302619]]",-3386.0,1368.0
973,"[[ 0.75085321]
 [ 0.29994636]
 [-0.5884315 ]]",-3350.0,1339.0
974,"[[ 0.74932986]
 [ 0.3025021 ]
 [-0.58906472]]",-3320.0,1321.0
975,"[[ 0.75587893]
 [ 0.32198538]
 [-0.57006355]]",-3344.0,1352.0
976,"[[ 0.75825457]
 [ 0.32604699]
 [-0.56457361]]",-3373.0,1384.0
977,"[[ 0.75682768]
 [ 0.32923832]
 [-0.56463617]]",-3392.0,1412.0
978,"[[ 0.75728182]
 [ 0.33559197]
 [-0.56026982]]",-3413.0,1445.0
979,"[[ 0.76300744]
 [ 0.35830819]
 [-0.53799153]]",-3475.0,1522.0
980,"[[ 0.76335894]
 [ 0.35844336]
 [-0.53740253]]",-3520.0,1579.0
981,"[[ 0.76158826]
 [ 0.35816817]
 [-0.54009155]]",-3547.0,1618.0
982,"[[ 0.75883157]
 [ 0.34464146]
 [-0.55262729]]",-3540.0,1615.0
983,"[[ 0.75586149]
 [ 0.32029171]
 [-0.57103996]]",-3491.0,1558.0
984,"[[ 0.75030406]
 [ 0.3031388 ]
 [-0.58749526]]",-3420.0,1481.0
985,"[[ 0.75098138]
 [ 0.31513175]
 [-0.58027489]]",-3383.0,1448.0
986,"[[ 0.75282352]
 [ 0.32314251]
 [-0.57344195]]",-3370.0,1440.0
987,"[[ 0.75418551]
 [ 0.33177954]
 [-0.56668029]]",-3377.0,1453.0
988,"[[ 0.75558423]
 [ 0.33189874]
 [-0.56474393]]",-3386.0,1463.0
989,"[[ 0.7536033 ]
 [ 0.32727888]
 [-0.57006192]]",-3376.0,1459.0
990,"[[ 0.74909242]
 [ 0.31929575]
 [-0.58044015]]",-3351.0,1438.0
991,"[[ 0.75166399]
 [ 0.33379324]
 [-0.56884384]]",-3355.0,1453.0
992,"[[ 0.74765803]
 [ 0.31984824]
 [-0.5819833 ]]",-3334.0,1435.0
993,"[[ 0.75274704]
 [ 0.32842479]
 [-0.570534  ]]",-3352.0,1446.0
994,"[[ 0.75305717]
 [ 0.31995977]
 [-0.57491795]]",-3357.0,1437.0
995,"[[ 0.74910377]
 [ 0.29421326]
 [-0.59353357]]",-3319.0,1379.0
996,"[[ 0.75079504]
 [ 0.27755504]
 [-0.59939136]]",-3283.0,1309.0
997,"[[ 0.74853172]
 [ 0.25775619]
 [-0.61095173]]",-3223.0,1219.0
998,"[[ 0.75147403]
 [ 0.26527938]
 [-0.60408081]]",-3198.0,1168.0
999,"[[ 0.73838626]
 [ 0.23859469]
 [-0.6307601 ]]",-3126.0,1081.0
1000,"[[ 0.74178521]
 [ 0.24481859]
 [-0.62435451]]",-3085.0,1029.0
1001,"[[ 0.74803252]
 [ 0.26257626]
 [-0.60950887]]",-3089.0,1023.0
1002,"[[ 0.74492686]
 [ 0.25278025]
 [-0.61740272]]",-3073.0,1001.0
1003,"[[ 0.73966118]
 [ 0.23109343]
 [-0.63205788]]",-3030.0,947.0
1004,"[[ 0.74108878]
 [ 0.23334651]
 [-0.62955288]]",-3004.0,912.0
1005,"[[ 0.74181202]
 [ 0.22897987]
 [-0.63030401]]",-2980.0,878.0
1006,"[[ 0.74424203]
 [ 0.2271566 ]
 [-0.62809528]]",-2972.0,853.0
1007,"[[ 0.75249961]
 [ 0.25675817]
 [-0.6064813 ]]",-3016.0,888.0
1008,"[[ 0.74253329]
 [ 0.22402821]
 [-0.63123346]]",-2994.0,855.0
1009,"[[ 0.7531218 ]
 [ 0.25463165]
 [-0.60660553]]",-3028.0,885.0
1010,"[[ 0.75215188]
 [ 0.24550516]
 [-0.61155111]]",-3038.0,890.0
1011,"[[ 0.74962456]
 [ 0.24177049]
 [-0.61612503]]",-3031.0,886.0
1012,"[[ 0.75073974]
 [ 0.24557171]
 [-0.61325719]]",-3036.0,889.0
1013,"[[ 0.75464789]
 [ 0.23863176]
 [-0.61119673]]",-3045.0,883.0
1014,"[[ 0.78167207]
 [ 0.34841665]
 [-0.51729548]]",-3306.0,1127.0
1015,"[[ 0.79118404]
 [ 0.23760697]
 [-0.56353415]]",-3425.0,1095.0
1016,"[[ 0.78551513]
 [ 0.25347386]
 [-0.56455025]]",-3506.0,1096.0
1017,"[[ 0.78391678]
 [ 0.30981506]
 [-0.53804192]]",-3618.0,1206.0
1018,"[[ 0.77170766]
 [ 0.28082377]
 [-0.57061834]]",-3595.0,1209.0
1019,"[[ 0.7545607 ]
 [ 0.21510738]
 [-0.61997337]]",-3453.0,1084.0
1020,"[[ 0.74881013]
 [ 0.2174288 ]
 [-0.62610551]]",-3330.0,992.0
1021,"[[ 0.7596695 ]
 [ 0.25153254]
 [-0.59969462]]",-3302.0,987.0
1022,"[[ 0.75778303]
 [ 0.24146018]
 [-0.60618633]]",-3267.0,966.0
1023,"[[ 0.76324047]
 [ 0.26736434]
 [-0.58820089]]",-3283.0,998.0
1024,"[[ 0.75129735]
 [ 0.23345762]
 [-0.61729234]]",-3226.0,957.0
1025,"[[ 0.76083914]
 [ 0.25152519]
 [-0.59821308]]",-3238.0,965.0
1026,"[[ 0.75857068]
 [ 0.25095711]
 [-0.60132441]]",-3235.0,966.0
1027,"[[ 0.76081461]
 [ 0.25761522]
 [-0.59564716]]",-3241.0,979.0
1028,"[[ 0.75118139]
 [ 0.22270735]
 [-0.62139194]]",-3184.0,925.0
1029,"[[ 0.74010463]
 [ 0.20108888]
 [-0.64172299]]",-3093.0,847.0
1030,"[[ 0.74348804]
 [ 0.21091667]
 [-0.63461775]]",-3051.0,808.0
1031,"[[ 0.74961974]
 [ 0.22127007]
 [-0.62378666]]",-3052.0,799.0
1032,"[[ 0.73779576]
 [ 0.18682972]
 [-0.64865404]]",-2997.0,736.0
1033,"[[ 0.74228106]
 [ 0.20729925]
 [-0.63721727]]",-2972.0,720.0
1034,"[[ 0.74201517]
 [ 0.19066603]
 [-0.6426974 ]]",-2936.0,682.0
1035,"[[ 0.73589541]
 [ 0.1771705 ]
 [-0.65350483]]",-2886.0,633.0
1036,"[[ 0.74378691]
 [ 0.21005473]
 [-0.63455343]]",-2886.0,648.0
1037,"[[ 0.73872419]
 [ 0.20623818]
 [-0.64167935]]",-2867.0,650.0
1038,"[[ 0.75114305]
 [ 0.22897945]
 [-0.6191547 ]]",-2908.0,693.0
1039,"[[ 0.75352194]
 [ 0.23778072]
 [-0.61291518]]",-2946.0,739.0
1040,"[[ 0.74832153]
 [ 0.23546862]
 [-0.62013661]]",-2957.0,765.0
1041,"[[ 0.75270122]
 [ 0.24938937]
 [-0.60929945]]",-2988.0,809.0
1042,"[[ 0.7505815]
 [ 0.2339542]
 [-0.6179748]]",-2993.0,815.0
1043,"[[ 0.74628017]
 [ 0.22246318]
 [-0.62735639]]",-2975.0,799.0
1044,"[[ 0.74915288]
 [ 0.23732023]
 [-0.61842467]]",-2987.0,814.0
1045,"[[ 0.73570134]
 [ 0.21888576]
 [-0.64096222]]",-2946.0,789.0
1046,"[[ 0.74465041]
 [ 0.24471211]
 [-0.62097644]]",-2963.0,817.0
1047,"[[ 0.74555121]
 [ 0.24291522]
 [-0.62060099]]",-2975.0,835.0
1048,"[[ 0.74777938]
 [ 0.24305218]
 [-0.61786053]]",-2987.0,849.0
1049,"[[ 0.74847264]
 [ 0.2459701 ]
 [-0.61586315]]",-3005.0,865.0
1050,"[[ 0.75123543]
 [ 0.25721967]
 [-0.60785144]]",-3032.0,895.0
1051,"[[ 0.75080564]
 [ 0.24779412]
 [-0.61228178]]",-3044.0,903.0
1052,"[[ 0.74010738]
 [ 0.21219593]
 [-0.63813318]]",-2995.0,846.0
1053,"[[ 0.74537873]
 [ 0.22444372]
 [-0.62772252]]",-2986.0,827.0
1054,"[[ 0.74446002]
 [ 0.23374629]
 [-0.62541343]]",-2982.0,827.0
1055,"[[ 0.73917454]
 [ 0.21700179]
 [-0.63759801]]",-2947.0,797.0
1056,"[[ 0.74227118]
 [ 0.22701663]
 [-0.63047359]]",-2933.0,792.0
1057,"[[ 0.73397032]
 [ 0.20442541]
 [-0.64768652]]",-2888.0,751.0
1058,"[[ 0.73270025]
 [ 0.19840136]
 [-0.65098943]]",-2851.0,712.0
1059,"[[ 0.72669531]
 [ 0.18527449]
 [-0.66150381]]",-2806.0,664.0
1060,"[[ 0.72874192]
 [ 0.18625012]
 [-0.65897352]]",-2781.0,632.0
1061,"[[ 0.7226318 ]
 [ 0.17150496]
 [-0.66961879]]",-2737.0,585.0
1062,"[[ 0.73091803]
 [ 0.19896513]
 [-0.65281829]]",-2738.0,592.0
1063,"[[ 0.73124557]
 [ 0.20473114]
 [-0.6506651 ]]",-2745.0,605.0
1064,"[[ 0.7317481 ]
 [ 0.2051003 ]
 [-0.64998352]]",-2753.0,616.0
1065,"[[ 0.72769582]
 [ 0.19336196]
 [-0.6580805 ]]",-2741.0,605.0
1066,"[[ 0.73593475]
 [ 0.20977635]
 [-0.64373436]]",-2766.0,625.0
1067,"[[ 0.73578424]
 [ 0.20400975]
 [-0.64575659]]",-2780.0,630.0
1068,"[[ 0.74291948]
 [ 0.22392677]
 [-0.63081491]]",-2818.0,666.0
1069,"[[ 0.73515181]
 [ 0.19755801]
 [-0.64847718]]",-2814.0,651.0
1070,"[[ 0.73468188]
 [ 0.19315189]
 [-0.65033444]]",-2805.0,633.0
1071,"[[ 0.73339457]
 [ 0.18823178]
 [-0.6532237 ]]",-2798.0,613.0
1072,"[[ 0.7336738 ]
 [ 0.19190367]
 [-0.65184027]]",-2794.0,604.0
1073,"[[ 0.73294127]
 [ 0.19387538]
 [-0.65208084]]",-2793.0,600.0
1074,"[[ 0.73189079]
 [ 0.20214629]
 [-0.65074784]]",-2792.0,608.0
1075,"[[ 0.73715913]
 [ 0.2056007 ]
 [-0.64368064]]",-2816.0,623.0
1076,"[[ 0.73523115]
 [ 0.19688293]
 [-0.64859253]]",-2823.0,621.0
1077,"[[ 0.73101046]
 [ 0.18085144]
 [-0.65796388]]",-2804.0,594.0
1078,"[[ 0.7320428 ]
 [ 0.18953185]
 [-0.65436306]]",-2795.0,586.0
1079,"[[ 0.71776812]
 [ 0.15344518]
 [-0.67916382]]",-2730.0,525.0
1080,"[[ 0.72774089]
 [ 0.18568129]
 [-0.66023909]]",-2717.0,528.0
1081,"[[ 0.75746701]
 [ 0.2697911 ]
 [-0.59452207]]",-2849.0,674.0
1082,"[[ 0.75374533]
 [ 0.26849793]
 [-0.59981401]]",-2931.0,776.0
1083,"[[ 0.75403483]
 [ 0.2619212 ]
 [-0.60235269]]",-2983.0,839.0
1084,"[[ 0.75479991]
 [ 0.26445718]
 [-0.60028285]]",-3019.0,887.0
1085,"[[ 0.7481071 ]
 [ 0.24324806]
 [-0.61738655]]",-3008.0,883.0
1086,"[[ 0.75301257]
 [ 0.25117321]
 [-0.60818097]]",-3018.0,896.0
1087,"[[ 0.75064305]
 [ 0.2467761 ]
 [-0.61289196]]",-3024.0,899.0
1088,"[[ 0.75035456]
 [ 0.23776609]
 [-0.61679439]]",-3023.0,887.0
1089,"[[ 0.75146048]
 [ 0.25189028]
 [-0.60980196]]",-3035.0,902.0
1090,"[[ 0.74872759]
 [ 0.24099265]
 [-0.61751886]]",-3018.0,891.0
1091,"[[ 0.74718698]
 [ 0.25645547]
 [-0.61314127]]",-3018.0,909.0
1092,"[[ 0.76941463]
 [ 0.34733213]
 [-0.53606111]]",-3190.0,1111.0
1093,"[[ 0.77657398]
 [ 0.40489076]
 [-0.48269694]]",-3462.0,1420.0
1094,"[[ 0.77959915]
 [ 0.40942554]
 [-0.47391549]]",-3699.0,1669.0
1095,"[[ 0.78317293]
 [ 0.42358534]
 [-0.45520943]]",-3939.0,1910.0
1096,"[[ 0.7845185 ]
 [ 0.42666415]
 [-0.44998714]]",-4130.0,2099.0
1097,"[[ 0.78320477]
 [ 0.44306727]
 [-0.43621288]]",-4319.0,2297.0
1098,"[[ 0.78078091]
 [ 0.44366492]
 [-0.43993479]]",-4440.0,2436.0
1099,"[[ 0.78149632]
 [ 0.44265774]
 [-0.439679  ]]",-4532.0,2536.0
1100,"[[ 0.77895003]
 [ 0.44532212]
 [-0.44150319]]",-4594.0,2615.0
1101,"[[ 0.78069278]
 [ 0.44101414]
 [-0.44274747]]",-4640.0,2662.0
1102,"[[ 0.77864789]
 [ 0.4364596 ]
 [-0.45078873]]",-4641.0,2671.0
1103,"[[ 0.77716728]
 [ 0.45226454]
 [-0.43757035]]",-4691.0,2738.0
1104,"[[ 0.77857361]
 [ 0.44492185]
 [-0.44256941]]",-4721.0,2767.0
1105,"[[ 0.7781304 ]
 [ 0.42995699]
 [-0.45787559]]",-4697.0,2734.0
1106,"[[ 0.78087172]
 [ 0.43772654]
 [-0.44568467]]",-4726.0,2747.0
1107,"[[ 0.77987867]
 [ 0.42301672]
 [-0.46135249]]",-4686.0,2696.0
1108,"[[ 0.77869233]
 [ 0.41841685]
 [-0.46750999]]",-4632.0,2638.0
1109,"[[ 0.77774403]
 [ 0.41701516]
 [-0.47033242]]",-4579.0,2587.0
1110,"[[ 0.77828534]
 [ 0.41632091]
 [-0.47005195]]",-4544.0,2551.0
1111,"[[ 0.77657974]
 [ 0.41644187]
 [-0.47275796]]",-4505.0,2518.0
1112,"[[ 0.77881797]
 [ 0.42111468]
 [-0.46487095]]",-4497.0,2512.0
1113,"[[ 0.77843703]
 [ 0.42343335]
 [-0.46340046]]",-4499.0,2516.0
1114,"[[ 0.77549314]
 [ 0.4117113 ]
 [-0.47864831]]",-4445.0,2471.0
1115,"[[ 0.77644237]
 [ 0.41787861]
 [-0.47171465]]",-4430.0,2462.0
1116,"[[ 0.77715165]
 [ 0.42018822]
 [-0.4684839 ]]",-4426.0,2463.0
1117,"[[ 0.77762946]
 [ 0.43126551]
 [-0.45749589]]",-4462.0,2504.0
1118,"[[ 0.77956274]
 [ 0.42679262]
 [-0.45839938]]",-4488.0,2523.0
1119,"[[ 0.77741483]
 [ 0.41285285]
 [-0.47452999]]",-4454.0,2486.0
1120,"[[ 0.78012291]
 [ 0.42006383]
 [-0.46363199]]",-4471.0,2490.0
1121,"[[ 0.7829877 ]
 [ 0.42601972]
 [-0.45325209]]",-4525.0,2525.0
1122,"[[ 0.78092886]
 [ 0.4213568 ]
 [-0.46109496]]",-4533.0,2526.0
1123,"[[ 0.77908305]
 [ 0.4135512 ]
 [-0.47117408]]",-4497.0,2493.0
1124,"[[ 0.77977031]
 [ 0.41631853]
 [-0.4675865 ]]",-4480.0,2478.0
1125,"[[ 0.77894714]
 [ 0.41636686]
 [-0.46891364]]",-4467.0,2467.0
1126,"[[ 0.78242515]
 [ 0.42164334]
 [-0.45828787]]",-4494.0,2485.0
1127,"[[ 0.78122712]
 [ 0.41842833]
 [-0.46325147]]",-4498.0,2485.0
1128,"[[ 0.77962671]
 [ 0.42467744]
 [-0.4602513 ]]",-4508.0,2502.0
1129,"[[ 0.77716225]
 [ 0.4440229 ]
 [-0.44594003]]",-4557.0,2578.0
1130,"[[ 0.77804843]
 [ 0.4436534 ]
 [-0.44476096]]",-4600.0,2635.0
1131,"[[ 0.77676924]
 [ 0.43468947]
 [-0.4557133 ]]",-4588.0,2637.0
1132,"[[ 0.77714323]
 [ 0.44381357]
 [-0.44618148]]",-4607.0,2672.0
1133,"[[ 0.77549849]
 [ 0.43766918]
 [-0.45502503]]",-4598.0,2674.0
1134,"[[ 0.77660345]
 [ 0.43080753]
 [-0.45966504]]",-4579.0,2655.0
1135,"[[ 0.77589107]
 [ 0.42489501]
 [-0.46632314]]",-4550.0,2622.0
1136,"[[ 0.77828241]
 [ 0.4368842 ]
 [-0.45100852]]",-4579.0,2646.0
1137,"[[ 0.77734054]
 [ 0.41982129]
 [-0.46849948]]",-4542.0,2600.0
1138,"[[ 0.77899019]
 [ 0.42247098]
 [-0.46334928]]",-4528.0,2578.0
1139,"[[ 0.77808951]
 [ 0.42288175]
 [-0.46448654]]",-4511.0,2560.0
1140,"[[ 0.77846802]
 [ 0.42965034]
 [-0.45758947]]",-4520.0,2570.0
1141,"[[ 0.77632149]
 [ 0.41613303]
 [-0.47345353]]",-4493.0,2536.0
1142,"[[ 0.77626043]
 [ 0.42610287]
 [-0.46460316]]",-4499.0,2544.0
1143,"[[ 0.77358364]
 [ 0.40345299]
 [-0.48866558]]",-4427.0,2471.0
1144,"[[ 0.77273841]
 [ 0.40813051]
 [-0.48611196]]",-4380.0,2429.0
1145,"[[ 0.77516333]
 [ 0.41630677]
 [-0.4751952 ]]",-4379.0,2429.0
1146,"[[ 0.77964716]
 [ 0.41969467]
 [-0.46476519]]",-4419.0,2451.0
1147,"[[ 0.77888111]
 [ 0.42623785]
 [-0.46007121]]",-4459.0,2488.0
1148,"[[ 0.77883315]
 [ 0.42115803]
 [-0.46480624]]",-4478.0,2498.0
1149,"[[ 0.77773725]
 [ 0.42391893]
 [-0.46413092]]",-4488.0,2510.0
1150,"[[ 0.7772575 ]
 [ 0.41496714]
 [-0.47294085]]",-4467.0,2488.0
1151,"[[ 0.77454238]
 [ 0.39339406]
 [-0.49530316]]",-4379.0,2399.0
1152,"[[ 0.77675947]
 [ 0.40058269]
 [-0.48598172]]",-4342.0,2358.0
1153,"[[ 0.77982054]
 [ 0.41948785]
 [-0.46466102]]",-4384.0,2396.0
1154,"[[ 0.7793988 ]
 [ 0.41999595]
 [-0.46490958]]",-4423.0,2428.0
1155,"[[ 0.78001033]
 [ 0.42539672]
 [-0.4589352 ]]",-4467.0,2470.0
1156,"[[ 0.77990659]
 [ 0.42699263]
 [-0.45762758]]",-4505.0,2507.0
1157,"[[ 0.77882004]
 [ 0.42460167]
 [-0.4616847 ]]",-4521.0,2524.0
1158,"[[ 0.77671979]
 [ 0.42275899]
 [-0.46688457]]",-4517.0,2526.0
1159,"[[ 0.77716521]
 [ 0.43180753]
 [-0.4577734 ]]",-4544.0,2561.0
1160,"[[ 0.77827364]
 [ 0.44096796]
 [-0.44703177]]",-4599.0,2623.0
1161,"[[ 0.7766059 ]
 [ 0.43459082]
 [-0.45608563]]",-4610.0,2640.0
1162,"[[ 0.77881544]
 [ 0.4373372 ]
 [-0.44964728]]",-4635.0,2666.0
1163,"[[ 0.78002626]
 [ 0.43965714]
 [-0.44526468]]",-4668.0,2696.0
1164,"[[ 0.77741345]
 [ 0.4420493 ]
 [-0.44746033]]",-4683.0,2720.0
1165,"[[ 0.77374558]
 [ 0.41859362]
 [-0.47549675]]",-4587.0,2639.0
1166,"[[ 0.7743786 ]
 [ 0.41069312]
 [-0.48132001]]",-4505.0,2559.0
1167,"[[ 0.77558146]
 [ 0.41143827]
 [-0.47873996]]",-4456.0,2506.0
1168,"[[ 0.77408666]
 [ 0.41532463]
 [-0.47780257]]",-4417.0,2475.0
1169,"[[ 0.77541057]
 [ 0.42638174]
 [-0.46576503]]",-4425.0,2490.0
1170,"[[ 0.77551369]
 [ 0.41367758]
 [-0.47691654]]",-4398.0,2461.0
1171,"[[ 0.77965632]
 [ 0.42445148]
 [-0.46040956]]",-4432.0,2484.0
1172,"[[ 0.78076815]
 [ 0.43072055]
 [-0.45263772]]",-4483.0,2526.0
1173,"[[ 0.78012734]
 [ 0.43323231]
 [-0.45134366]]",-4526.0,2565.0
1174,"[[ 0.7807485 ]
 [ 0.44073828]
 [-0.44292388]]",-4587.0,2623.0
1175,"[[ 0.78047497]
 [ 0.43946826]
 [-0.44466445]]",-4628.0,2661.0
1176,"[[ 0.77641015]
 [ 0.4294531 ]
 [-0.46125622]]",-4594.0,2639.0
1177,"[[ 0.77571034]
 [ 0.4333184 ]
 [-0.45881219]]",-4579.0,2636.0
1178,"[[ 0.77407102]
 [ 0.42614714]
 [-0.46820153]]",-4542.0,2607.0
1179,"[[ 0.77276895]
 [ 0.42639854]
 [-0.47011961]]",-4510.0,2585.0
1180,"[[ 0.77519871]
 [ 0.42188343]
 [-0.47019286]]",-4486.0,2560.0
1181,"[[ 0.77624872]
 [ 0.42539477]
 [-0.46527112]]",-4484.0,2554.0
1182,"[[ 0.7751617 ]
 [ 0.42506119]
 [-0.46738349]]",-4473.0,2544.0
1183,"[[ 0.77457175]
 [ 0.43467338]
 [-0.45945366]]",-4488.0,2569.0
1184,"[[ 0.77468451]
 [ 0.44390627]
 [-0.45034556]]",-4530.0,2621.0
1185,"[[ 0.77248619]
 [ 0.45275452]
 [-0.44528466]]",-4571.0,2685.0
1186,"[[ 0.77226903]
 [ 0.44789032]
 [-0.45054946]]",-4582.0,2711.0
1187,"[[ 0.77196601]
 [ 0.44135009]
 [-0.45746975]]",-4569.0,2706.0
1188,"[[ 0.76846627]
 [ 0.42020725]
 [-0.48258207]]",-4479.0,2622.0
1189,"[[ 0.75364146]
 [ 0.3542498 ]
 [-0.55365299]]",-4212.0,2362.0
1190,"[[ 0.73784936]
 [ 0.31639523]
 [-0.59621505]]",-3915.0,2081.0
1191,"[[ 0.72392911]
 [ 0.27758718]
 [-0.63156314]]",-3617.0,1797.0
1192,"[[ 0.7172661 ]
 [ 0.2529675 ]
 [-0.64925864]]",-3363.0,1546.0
1193,"[[ 0.70731542]
 [ 0.23036543]
 [-0.66830881]]",-3143.0,1327.0
1194,"[[ 0.70296705]
 [ 0.2332477 ]
 [-0.67188752]]",-2973.0,1169.0
1195,"[[ 0.70214868]
 [ 0.21201603]
 [-0.67973262]]",-2839.0,1024.0
1196,"[[ 0.69861618]
 [ 0.20713604]
 [-0.68485772]]",-2729.0,910.0
1197,"[[ 0.69730475]
 [ 0.20938004]
 [-0.68551155]]",-2647.0,829.0
1198,"[[ 0.70248501]
 [ 0.22554468]
 [-0.67501438]]",-2607.0,795.0
1199,"[[ 0.70147415]
 [ 0.22648858]
 [-0.67574917]]",-2579.0,770.0
1200,"[[ 0.70642383]
 [ 0.24243455]
 [-0.66497433]]",-2578.0,778.0
1201,"[[ 0.70656984]
 [ 0.25304419]
 [-0.66085376]]",-2581.0,799.0
1202,"[[ 0.69774809]
 [ 0.23215104]
 [-0.67768245]]",-2554.0,781.0
1203,"[[ 0.69918602]
 [ 0.22698266]
 [-0.67795117]]",-2536.0,761.0
1204,"[[ 0.69742142]
 [ 0.22237809]
 [-0.68128654]]",-2518.0,740.0
1205,"[[ 0.69386823]
 [ 0.21180429]
 [-0.68824837]]",-2491.0,709.0
1206,"[[ 0.69545256]
 [ 0.20325482]
 [-0.68922653]]",-2472.0,674.0
1207,"[[ 0.69582145]
 [ 0.21356913]
 [-0.68572643]]",-2460.0,663.0
1208,"[[ 0.69661964]
 [ 0.21893219]
 [-0.68322015]]",-2452.0,661.0
1209,"[[ 0.69344862]
 [ 0.21438472]
 [-0.68787223]]",-2432.0,651.0
1210,"[[ 0.69385259]
 [ 0.21321162]
 [-0.68782948]]",-2416.0,643.0
1211,"[[ 0.69881981]
 [ 0.21698384]
 [-0.68159291]]",-2420.0,645.0
1212,"[[ 0.69755476]
 [ 0.2133815 ]
 [-0.6840217 ]]",-2419.0,640.0
1213,"[[ 0.69210515]
 [ 0.20051879]
 [-0.69338494]]",-2399.0,618.0
1214,"[[ 0.69576082]
 [ 0.21119047]
 [-0.68652419]]",-2402.0,618.0
1215,"[[ 0.68993311]
 [ 0.19514684]
 [-0.69707246]]",-2385.0,594.0
1216,"[[ 0.69189807]
 [ 0.20242814]
 [-0.69303673]]",-2378.0,587.0
1217,"[[ 0.68898113]
 [ 0.18848186]
 [-0.69984254]]",-2361.0,562.0
1218,"[[ 0.68995306]
 [ 0.19087429]
 [-0.69823476]]",-2352.0,548.0
1219,"[[ 0.69280827]
 [ 0.20587899]
 [-0.6911082 ]]",-2356.0,558.0
1220,"[[ 0.68826094]
 [ 0.19314577]
 [-0.69927934]]",-2342.0,546.0
1221,"[[ 0.69142184]
 [ 0.20142571]
 [-0.69380367]]",-2340.0,550.0
1222,"[[ 0.68867539]
 [ 0.19876334]
 [-0.6972943 ]]",-2335.0,548.0
1223,"[[ 0.68615906]
 [ 0.18989129]
 [-0.70223005]]",-2322.0,534.0
1224,"[[ 0.69175359]
 [ 0.20066368]
 [-0.69369378]]",-2329.0,540.0
1225,"[[ 0.66508067]
 [ 0.12843554]
 [-0.73564395]]",-2262.0,449.0
1226,"[[ 0.67214973]
 [ 0.14432651]
 [-0.7262125 ]]",-2227.0,402.0
1227,"[[ 0.67544124]
 [ 0.15059075]
 [-0.72187365]]",-2210.0,376.0
1228,"[[ 0.6678391 ]
 [ 0.13027176]
 [-0.73281663]]",-2178.0,330.0
1229,"[[ 0.67220772]
 [ 0.14478648]
 [-0.72606726]]",-2168.0,316.0
1230,"[[ 0.67275792]
 [ 0.14695641]
 [-0.72512109]]",-2157.0,308.0
1231,"[[ 0.68220995]
 [ 0.18074823]
 [-0.70846288]]",-2178.0,346.0
1232,"[[ 0.67851553]
 [ 0.17053647]
 [-0.71451661]]",-2180.0,359.0
1233,"[[ 0.68078685]
 [ 0.17643534]
 [-0.71091479]]",-2188.0,377.0
1234,"[[ 0.67494182]
 [ 0.15891489]
 [-0.72055506]]",-2177.0,367.0
1235,"[[ 0.68052055]
 [ 0.17354602]
 [-0.71188029]]",-2184.0,380.0
1236,"[[ 0.67546033]
 [ 0.15766286]
 [-0.7203442 ]]",-2175.0,368.0
1237,"[[ 0.67570897]
 [ 0.15676193]
 [-0.72030763]]",-2175.0,359.0
1238,"[[ 0.68300413]
 [ 0.17699401]
 [-0.70864552]]",-2197.0,380.0
1239,"[[ 0.68298124]
 [ 0.18155777]
 [-0.70751212]]",-2214.0,400.0
1240,"[[ 0.68513668]
 [ 0.19098824]
 [-0.70293046]]",-2233.0,428.0
1241,"[[ 0.6831546 ]
 [ 0.17784077]
 [-0.7082884 ]]",-2237.0,429.0
1242,"[[ 0.68251498]
 [ 0.17255973]
 [-0.71020873]]",-2238.0,424.0
1243,"[[ 0.68824808]
 [ 0.18398247]
 [-0.70175853]]",-2254.0,437.0
1244,"[[ 0.69211032]
 [ 0.19179282]
 [-0.69584396]]",-2279.0,457.0
1245,"[[ 0.70155205]
 [ 0.21591027]
 [-0.67912257]]",-2327.0,508.0
1246,"[[ 0.70529432]
 [ 0.22448794]
 [-0.67243222]]",-2372.0,558.0
1247,"[[ 0.70660115]
 [ 0.22769436]
 [-0.66997768]]",-2407.0,599.0
1248,"[[ 0.69816273]
 [ 0.2093308 ]
 [-0.68465277]]",-2404.0,600.0
1249,"[[ 0.71193299]
 [ 0.25627185]
 [-0.65381661]]",-2462.0,674.0
1250,"[[ 0.71089951]
 [ 0.25844546]
 [-0.6540855 ]]",-2505.0,731.0
1251,"[[ 0.70973298]
 [ 0.25061597]
 [-0.65838494]]",-2530.0,762.0
1252,"[[ 0.7081812 ]
 [ 0.24280705]
 [-0.66296616]]",-2543.0,772.0
1253,"[[ 0.70558408]
 [ 0.23516476]
 [-0.66846738]]",-2543.0,767.0
1254,"[[ 0.71142895]
 [ 0.25287732]
 [-0.65568431]]",-2571.0,793.0
1255,"[[ 0.71241743]
 [ 0.2567325 ]
 [-0.65310782]]",-2601.0,820.0
1256,"[[ 0.70937111]
 [ 0.25092461]
 [-0.65865732]]",-2611.0,829.0
1257,"[[ 0.71084971]
 [ 0.25129837]
 [-0.65691843]]",-2618.0,836.0
1258,"[[ 0.70796277]
 [ 0.24980424]
 [-0.6605956 ]]",-2611.0,836.0
1259,"[[ 0.70194886]
 [ 0.23207468]
 [-0.67335662]]",-2579.0,807.0
1260,"[[ 0.70569008]
 [ 0.23676   ]
 [-0.66779204]]",-2570.0,795.0
1261,"[[ 0.69238162]
 [ 0.20655953]
 [-0.69133267]]",-2519.0,740.0
1262,"[[ 0.69368772]
 [ 0.21409778]
 [-0.6877205 ]]",-2493.0,711.0
1263,"[[ 0.69422525]
 [ 0.21272385]
 [-0.68760444]]",-2468.0,687.0
1264,"[[ 0.69840563]
 [ 0.22169044]
 [-0.68050196]]",-2458.0,682.0
1265,"[[ 0.70704595]
 [ 0.23781125]
 [-0.66598185]]",-2485.0,706.0
1266,"[[ 0.71131405]
 [ 0.24349137]
 [-0.6593514 ]]",-2518.0,733.0
1267,"[[ 0.72057502]
 [ 0.28089421]
 [-0.63393224]]",-2588.0,815.0
1268,"[[ 0.7190665 ]
 [ 0.28077417]
 [-0.63569586]]",-2633.0,873.0
1269,"[[ 0.71203658]
 [ 0.26484477]
 [-0.65027775]]",-2635.0,887.0
1270,"[[ 0.71102529]
 [ 0.26394378]
 [-0.65174897]]",-2634.0,895.0
1271,"[[ 0.71342831]
 [ 0.27123449]
 [-0.64610517]]",-2642.0,913.0
1272,"[[ 0.71585381]
 [ 0.27374279]
 [-0.64235365]]",-2655.0,931.0
