frame,res,X,Y
1,"[[-0.10322737]
 [ 0.24178267]
 [-0.96482395]]",452.0,431.0
2,"[[-0.10169858]
 [ 0.26060489]
 [-0.96007421]]",558.0,443.0
3,"[[-0.0893971 ]
 [ 0.27090925]
 [-0.95844475]]",627.0,458.0
4,"[[-0.08643667]
 [ 0.27618548]
 [-0.95720963]]",675.0,473.0
5,"[[-0.08637052]
 [ 0.27425187]
 [-0.95777139]]",710.0,482.0
6,"[[-0.0942697 ]
 [ 0.26834439]
 [-0.95869939]]",741.0,483.0
7,"[[-0.09707945]
 [ 0.25522537]
 [-0.96199563]]",765.0,475.0
8,"[[-0.12021508]
 [ 0.25895075]
 [-0.95838032]]",798.0,472.0
9,"[[-0.11552668]
 [ 0.24990961]
 [-0.96135258]]",819.0,464.0
10,"[[-0.09737236]
 [ 0.26279707]
 [-0.95992516]]",823.0,468.0
11,"[[-0.07235673]
 [ 0.28093118]
 [-0.95699643]]",808.0,484.0
12,"[[-0.10292566]
 [ 0.26888738]
 [-0.95765645]]",818.0,487.0
13,"[[-0.07961737]
 [ 0.31051483]
 [-0.94722839]]",811.0,520.0
14,"[[-0.10056341]
 [ 0.30144439]
 [-0.94816574]]",819.0,538.0
15,"[[-0.10709582]
 [ 0.30832308]
 [-0.94523402]]",831.0,555.0
16,"[[-0.11793006]
 [ 0.30371529]
 [-0.94543616]]",846.0,565.0
17,"[[-0.12423767]
 [ 0.31339589]
 [-0.94146058]]",862.0,579.0
18,"[[-0.12163706]
 [ 0.29577504]
 [-0.94748169]]",871.0,576.0
19,"[[-0.10090236]
 [ 0.2845426 ]
 [-0.95333846]]",864.0,565.0
20,"[[-0.10622536]
 [ 0.28174923]
 [-0.95358982]]",861.0,554.0
21,"[[-0.11929166]
 [ 0.27834513]
 [-0.95304433]]",869.0,544.0
22,"[[-0.12757638]
 [ 0.29048636]
 [-0.94833641]]",881.0,546.0
23,"[[-0.20725586]
 [ 0.32098448]
 [-0.92412876]]",949.0,576.0
24,"[[-0.15143019]
 [ 0.33124461]
 [-0.93131408]]",958.0,604.0
25,"[[-0.0915003 ]
 [ 0.33980545]
 [-0.93603416]]",923.0,632.0
26,"[[ 0.00738482]
 [ 0.32935102]
 [-0.94417868]]",827.0,643.0
27,"[[-0.06101758]
 [ 0.34445461]
 [-0.93681795]]",806.0,663.0
28,"[[-0.05393753]
 [ 0.39061591]
 [-0.91897223]]",786.0,715.0
29,"[[-0.03722383]
 [ 0.32455928]
 [-0.94513262]]",759.0,698.0
30,"[[-0.11284711]
 [ 0.32527028]
 [-0.93886355]]",791.0,687.0
31,"[[-0.13096988]
 [ 0.28839284]
 [-0.94851276]]",827.0,650.0
32,"[[-0.16848771]
 [ 0.26853524]
 [-0.94842012]]",878.0,610.0
33,"[[-0.13915927]
 [ 0.26050356]
 [-0.95539133]]",895.0,573.0
34,"[[-0.12750882]
 [ 0.25511854]
 [-0.95846546]]",898.0,542.0
35,"[[-0.1129119 ]
 [ 0.26152771]
 [-0.95856881]]",892.0,526.0
36,"[[-0.11516787]
 [ 0.37693607]
 [-0.91905144]]",892.0,604.0
37,"[[-0.12628194]
 [ 0.36290461]
 [-0.92322972]]",900.0,653.0
38,"[[-0.0525914 ]
 [ 0.31292372]
 [-0.94832109]]",852.0,648.0
39,"[[-0.07921406]
 [ 0.29282911]
 [-0.95287788]]",836.0,628.0
40,"[[-0.08149529]
 [ 0.25885064]
 [-0.96247331]]",825.0,587.0
41,"[[-0.00339698]
 [ 0.26181694]
 [-0.96511157]]",764.0,558.0
42,"[[-0.02049796]
 [ 0.23926323]
 [-0.97073835]]",732.0,519.0
43,"[[-0.12137679]
 [ 0.21747696]
 [-0.96848926]]",775.0,476.0
44,"[[-0.09636094]
 [ 0.24669422]
 [-0.96429069]]",790.0,464.0
45,"[[-0.12225336]
 [ 0.25722802]
 [-0.95858639]]",818.0,463.0
46,"[[-0.0978149 ]
 [ 0.2613442 ]
 [-0.96027676]]",822.0,465.0
47,"[[-0.11243422]
 [ 0.26178921]
 [-0.95855358]]",835.0,466.0
48,"[[-0.1007511 ]
 [ 0.26812688]
 [-0.95810083]]",837.0,471.0
49,"[[-0.06919479]
 [ 0.2455722 ]
 [-0.96690557]]",817.0,457.0
50,"[[-0.07360568]
 [ 0.23678596]
 [-0.96876964]]",805.0,442.0
51,"[[-0.07512568]
 [ 0.25718705]
 [-0.96343705]]",798.0,445.0
52,"[[-0.09067995]
 [ 0.23713176]
 [-0.9672361 ]]",802.0,434.0
53,"[[-0.09025162]
 [ 0.24891953]
 [-0.96430997]]",806.0,434.0
54,"[[-0.09888883]
 [ 0.2568468 ]
 [-0.96137959]]",815.0,440.0
55,"[[-0.07869045]
 [ 0.2711862 ]
 [-0.95930488]]",807.0,455.0
56,"[[-0.0827633 ]
 [ 0.24500821]
 [-0.96598199]]",804.0,447.0
57,"[[-0.1134903 ]
 [ 0.25686336]
 [-0.95976099]]",822.0,450.0
58,"[[-0.08834317]
 [ 0.24338527]
 [-0.96589808]]",819.0,441.0
59,"[[-0.09576326]
 [ 0.23946537]
 [-0.96617066]]",822.0,433.0
60,"[[-0.09392911]
 [ 0.24646451]
 [-0.96458933]]",823.0,432.0
61,"[[-0.10367298]
 [ 0.28721162]
 [-0.9522402 ]]",831.0,462.0
62,"[[-0.08104234]
 [ 0.28173991]
 [-0.95606211]]",821.0,479.0
63,"[[-0.1051802 ]
 [ 0.28693483]
 [-0.95215835]]",831.0,496.0
64,"[[-0.10696745]
 [ 0.28386329]
 [-0.95287964]]",839.0,507.0
65,"[[-0.1389356 ]
 [ 0.23589148]
 [-0.96179629]]",865.0,480.0
66,"[[-0.08077866]
 [ 0.27611666]
 [-0.95772355]]",846.0,488.0
67,"[[-0.09997417]
 [ 0.2740128 ]
 [-0.95651563]]",845.0,493.0
68,"[[-0.11298319]
 [ 0.2749329 ]
 [-0.95480192]]",853.0,498.0
69,"[[-0.10956624]
 [ 0.27238437]
 [-0.95592991]]",856.0,500.0
70,"[[-0.09049571]
 [ 0.29498933]
 [-0.95120546]]",847.0,518.0
71,"[[-0.10215045]
 [ 0.25894877]
 [-0.96047427]]",846.0,504.0
72,"[[-0.10977587]
 [ 0.25892339]
 [-0.95963948]]",851.0,494.0
73,"[[-0.0480421 ]
 [ 0.27060356]
 [-0.96149138]]",813.0,495.0
74,"[[-0.01932407]
 [ 0.30672215]
 [-0.95160291]]",765.0,522.0
75,"[[-0.03260476]
 [ 0.30988961]
 [-0.95021332]]",739.0,545.0
76,"[[-0.04341579]
 [ 0.30822809]
 [-0.95032127]]",728.0,561.0
77,"[[-0.04170371]
 [ 0.32135877]
 [-0.94603876]]",718.0,582.0
78,"[[-0.04080615]
 [ 0.31359378]
 [-0.94868003]]",710.0,592.0
79,"[[-0.05853738]
 [ 0.32599998]
 [-0.94355572]]",717.0,609.0
80,"[[-0.0526221 ]
 [ 0.30564029]
 [-0.95069181]]",717.0,605.0
81,"[[ 0.00226588]
 [ 0.28022298]
 [-0.95993226]]",680.0,584.0
82,"[[-0.0100331 ]
 [ 0.32432403]
 [-0.94589284]]",662.0,601.0
83,"[[ 0.0057642 ]
 [ 0.32702987]
 [-0.94499642]]",637.0,616.0
84,"[[ 0.01237635]
 [ 0.33290993]
 [-0.94287741]]",615.0,631.0
85,"[[ 0.01953639]
 [ 0.36435977]
 [-0.93105332]]",593.0,667.0
86,"[[ 0.036026  ]
 [ 0.37391622]
 [-0.92676253]]",566.0,702.0
87,"[[ 0.02455278]
 [ 0.3497509 ]
 [-0.93652094]]",554.0,708.0
88,"[[ 0.0131716 ]
 [ 0.354174  ]
 [-0.93508678]]",553.0,715.0
89,"[[ 0.02702579]
 [ 0.35049841]
 [-0.93617331]]",543.0,719.0
90,"[[ 0.00912557]
 [ 0.36341705]
 [-0.93158187]]",547.0,731.0
91,"[[ 0.06192428]
 [ 0.33849258]
 [-0.93892926]]",514.0,721.0
92,"[[ 0.06284128]
 [ 0.33093729]
 [-0.94155801]]",489.0,708.0
93,"[[ 0.04358734]
 [ 0.34570485]
 [-0.93733041]]",484.0,710.0
94,"[[ 0.04785558]
 [ 0.3486972 ]
 [-0.93601288]]",478.0,713.0
95,"[[ 0.04255955]
 [ 0.35374035]
 [-0.9343749 ]]",477.0,718.0
96,"[[ 0.0154651 ]
 [ 0.35867529]
 [-0.93333428]]",496.0,724.0
97,"[[ 0.03422319]
 [ 0.3122127 ]
 [-0.9493956 ]]",497.0,693.0
98,"[[ 0.03321452]
 [ 0.31946996]
 [-0.94701412]]",499.0,676.0
99,"[[ 0.00667635]
 [ 0.3138072 ]
 [-0.94946325]]",518.0,658.0
100,"[[ 0.00890037]
 [ 0.32418687]
 [-0.94595119]]",531.0,654.0
101,"[[-0.00736   ]
 [ 0.32447627]
 [-0.9458652 ]]",551.0,652.0
102,"[[ 0.01624703]
 [ 0.30055642]
 [-0.95362565]]",549.0,633.0
103,"[[-7.45103478e-04]
 [ 3.01510935e-01]
 [-9.53462428e-01]]",559.0,619.0
104,"[[ 9.18952989e-04]
 [ 3.01603465e-01]
 [-9.53433011e-01]]",566.0,608.0
105,"[[-0.00131624]
 [ 0.31168195]
 [-0.95018558]]",572.0,609.0
106,"[[-0.00674544]
 [ 0.29879798]
 [-0.95429255]]",581.0,599.0
107,"[[-0.10168761]
 [ 0.3069447 ]
 [-0.94627934]]",652.0,599.0
108,"[[-0.07788215]
 [ 0.40539572]
 [-0.91081759]]",690.0,681.0
109,"[[-0.03151666]
 [ 0.36026953]
 [-0.9323157 ]]",684.0,704.0
110,"[[ 0.00792279]
 [ 0.37283468]
 [-0.92786396]]",651.0,731.0
111,"[[-0.00937463]
 [ 0.23232156]
 [-0.97259386]]",639.0,642.0
112,"[[ 0.10999829]
 [ 0.28885571]
 [-0.95103247]]",549.0,618.0
113,"[[-0.02585127]
 [ 0.29496842]
 [-0.95515723]]",577.0,604.0
114,"[[-0.05477433]
 [ 0.25419918]
 [-0.96559958]]",616.0,564.0
115,"[[-0.06602061]
 [ 0.26470873]
 [-0.96206578]]",653.0,542.0
116,"[[-0.05835775]
 [ 0.26932784]
 [-0.96127878]]",675.0,529.0
117,"[[-0.06888214]
 [ 0.23783876]
 [-0.96885911]]",698.0,497.0
118,"[[-0.09098452]
 [ 0.24804704]
 [-0.96446591]]",729.0,481.0
119,"[[-0.07470256]
 [ 0.25568609]
 [-0.96386937]]",742.0,476.0
120,"[[-0.08633305]
 [ 0.27704456]
 [-0.9569707 ]]",759.0,487.0
121,"[[-0.07151269]
 [ 0.28905767]
 [-0.95463689]]",762.0,503.0
122,"[[-0.05909825]
 [ 0.28624122]
 [-0.95633329]]",755.0,513.0
123,"[[-0.06754206]
 [ 0.27735504]
 [-0.95839045]]",756.0,514.0
124,"[[-0.08726645]
 [ 0.28806184]
 [-0.95362726]]",770.0,522.0
125,"[[-0.08714697]
 [ 0.30396765]
 [-0.94868808]]",781.0,541.0
126,"[[-0.06641948]
 [ 0.29808678]
 [-0.95222514]]",774.0,550.0
127,"[[-0.0657039 ]
 [ 0.30111729]
 [-0.95132086]]",768.0,558.0
128,"[[-0.09515647]
 [ 0.28492812]
 [-0.95381404]]",784.0,552.0
129,"[[-0.17368068]
 [ 0.22858283]
 [-0.95790652]]",848.0,509.0
130,"[[-0.19284835]
 [ 0.22483363]
 [-0.95512269]]",908.0,475.0
131,"[[-0.19620534]
 [ 0.22392714]
 [-0.95465182]]",954.0,450.0
132,"[[-0.22396167]
 [ 0.20351408]
 [-0.95311237]]",1007.0,418.0
133,"[[-0.24182354]
 [ 0.21495904]
 [-0.94621033]]",1059.0,403.0
134,"[[-0.24216857]
 [ 0.20130774]
 [-0.94912042]]",1097.0,383.0
135,"[[-0.22966357]
 [ 0.20240801]
 [-0.95199036]]",1115.0,368.0
136,"[[-0.24042492]
 [ 0.20066337]
 [-0.94969999]]",1137.0,357.0
137,"[[-0.24187899]
 [ 0.23115586]
 [-0.94237016]]",1156.0,371.0
138,"[[-0.23448964]
 [ 0.23922356]
 [-0.94222433]]",1165.0,387.0
139,"[[-0.22106525]
 [ 0.2254801 ]
 [-0.94883554]]",1160.0,388.0
140,"[[-0.23691671]
 [ 0.20988466]
 [-0.94858785]]",1167.0,377.0
141,"[[-0.24862305]
 [ 0.19690249]
 [-0.94837545]]",1180.0,360.0
142,"[[-0.26422125]
 [ 0.17906925]
 [-0.94769264]]",1200.0,336.0
143,"[[-0.24804673]
 [ 0.20334705]
 [-0.94716566]]",1205.0,335.0
144,"[[-0.2995755 ]
 [ 0.17985613]
 [-0.93696654]]",1247.0,320.0
145,"[[-0.27932627]
 [ 0.19159395]
 [-0.94088713]]",1262.0,316.0
146,"[[-0.26513875]
 [ 0.19264517]
 [-0.94476943]]",1263.0,313.0
147,"[[-0.26217674]
 [ 0.18360523]
 [-0.94739246]]",1260.0,304.0
148,"[[-0.25882406]
 [ 0.19314962]
 [-0.94641604]]",1257.0,305.0
149,"[[-0.26746902]
 [ 0.18670847]
 [-0.94530433]]",1259.0,300.0
150,"[[-0.23937629]
 [ 0.19578333]
 [-0.95098259]]",1241.0,302.0
151,"[[-0.24131776]
 [ 0.21579073]
 [-0.94615015]]",1230.0,318.0
152,"[[-0.27835525]
 [ 0.20034413]
 [-0.93935115]]",1248.0,320.0
153,"[[-0.28242847]
 [ 0.20979992]
 [-0.93606525]]",1264.0,328.0
154,"[[-0.27447345]
 [ 0.21615344]
 [-0.9369856 ]]",1270.0,338.0
155,"[[-0.23521045]
 [ 0.20222344]
 [-0.95067435]]",1246.0,335.0
156,"[[-0.20225479]
 [ 0.22894167]
 [-0.95219678]]",1205.0,350.0
157,"[[-0.25005177]
 [ 0.24667117]
 [-0.93628385]]",1211.0,376.0
158,"[[-0.23349752]
 [ 0.27426673]
 [-0.93287548]]",1205.0,414.0
159,"[[-0.23201581]
 [ 0.26715699]
 [-0.93530519]]",1199.0,437.0
160,"[[-0.2418624 ]
 [ 0.26945232]
 [-0.932147  ]]",1201.0,455.0
161,"[[-0.19175473]
 [ 0.26772573]
 [-0.94422087]]",1167.0,466.0
162,"[[-0.17003143]
 [ 0.25263957]
 [-0.95250331]]",1126.0,464.0
163,"[[-0.17866751]
 [ 0.22888405]
 [-0.95691693]]",1102.0,445.0
164,"[[-0.18814472]
 [ 0.26580172]
 [-0.94548982]]",1093.0,460.0
165,"[[-0.15716225]
 [ 0.26695543]
 [-0.95080746]]",1064.0,469.0
166,"[[-0.22091913]
 [ 0.26522598]
 [-0.93853605]]",1088.0,477.0
167,"[[-0.18415122]
 [ 0.348908  ]
 [-0.91888603]]",1084.0,548.0
168,"[[-0.08461887]
 [ 0.34455425]
 [-0.93494493]]",1009.0,594.0
169,"[[-0.07193458]
 [ 0.27685992]
 [-0.95821396]]",944.0,575.0
170,"[[-0.06830833]
 [ 0.30786085]
 [-0.94897612]]",895.0,584.0
171,"[[-0.09960939]
 [ 0.33857011]
 [-0.93565391]]",882.0,613.0
172,"[[-0.12026688]
 [ 0.31984671]
 [-0.93980528]]",886.0,620.0
173,"[[-0.117575  ]
 [ 0.27100646]
 [-0.95536989]]",886.0,588.0
174,"[[-0.12359327]
 [ 0.26092163]
 [-0.95741559]]",890.0,558.0
175,"[[-0.10864927]
 [ 0.27161003]
 [-0.95625484]]",882.0,542.0
176,"[[-0.10109567]
 [ 0.28643128]
 [-0.95275222]]",871.0,542.0
177,"[[-0.11546326]
 [ 0.2796181 ]
 [-0.9531432 ]]",873.0,536.0
178,"[[-0.13072693]
 [ 0.25368459]
 [-0.95841254]]",884.0,514.0
179,"[[-0.13030565]
 [ 0.24378433]
 [-0.96103571]]",892.0,492.0
180,"[[-0.1129664 ]
 [ 0.28090339]
 [-0.95306447]]",887.0,502.0
181,"[[-0.10244855]
 [ 0.28771685]
 [-0.9522202 ]]",875.0,514.0
182,"[[-0.09532479]
 [ 0.3098184 ]
 [-0.94600515]]",862.0,538.0
183,"[[-0.09503952]
 [ 0.29168073]
 [-0.95178246]]",852.0,542.0
184,"[[-0.09570143]
 [ 0.28791652]
 [-0.95286165]]",845.0,541.0
185,"[[-0.10502867]
 [ 0.26605277]
 [-0.95821965]]",845.0,526.0
186,"[[-0.10009651]
 [ 0.27924699]
 [-0.95498786]]",843.0,524.0
187,"[[-0.10026806]
 [ 0.27770031]
 [-0.95542077]]",841.0,522.0
188,"[[-0.09817646]
 [ 0.26717848]
 [-0.9586329 ]]",838.0,513.0
189,"[[-0.0811554 ]
 [ 0.27290416]
 [-0.95861208]]",824.0,510.0
190,"[[-0.09424498]
 [ 0.28857888]
 [-0.95280644]]",823.0,521.0
191,"[[-0.12649251]
 [ 0.29246552]
 [-0.94787318]]",846.0,532.0
192,"[[-0.12227895]
 [ 0.30512396]
 [-0.94442958]]",859.0,550.0
193,"[[-0.14564935]
 [ 0.28885757]
 [-0.94622808]]",885.0,551.0
194,"[[-0.14907255]
 [ 0.28881858]
 [-0.94570672]]",907.0,551.0
195,"[[-0.15327579]
 [ 0.27749371]
 [-0.94842173]]",925.0,542.0
196,"[[-0.13469404]
 [ 0.27568329]
 [-0.9517648 ]]",925.0,535.0
197,"[[-0.11666244]
 [ 0.26440835]
 [-0.95732863]]",912.0,521.0
198,"[[-0.12087562]
 [ 0.2738639 ]
 [-0.95414236]]",906.0,518.0
199,"[[-0.14020877]
 [ 0.28046087]
 [-0.94957001]]",914.0,520.0
200,"[[-0.14657113]
 [ 0.2612531 ]
 [-0.95407742]]",924.0,507.0
201,"[[-0.10725246]
 [ 0.28210774]
 [-0.95336883]]",905.0,513.0
202,"[[-0.10236364]
 [ 0.29192687]
 [-0.9509471 ]]",889.0,525.0
203,"[[-0.11629319]
 [ 0.2967198 ]
 [-0.94785719]]",886.0,537.0
204,"[[-0.11283197]
 [ 0.29431146]
 [-0.94902566]]",882.0,544.0
205,"[[-0.12121614]
 [ 0.28637767]
 [-0.95041805]]",884.0,543.0
206,"[[-0.12359717]
 [ 0.29976745]
 [-0.9459721 ]]",888.0,552.0
207,"[[-0.11851381]
 [ 0.29086299]
 [-0.94939623]]",887.0,552.0
208,"[[-0.10886162]
 [ 0.26741613]
 [-0.95741201]]",878.0,534.0
209,"[[-0.11112024]
 [ 0.27785449]
 [-0.9541746 ]]",874.0,528.0
210,"[[-0.11307312]
 [ 0.26934605]
 [-0.95638234]]",872.0,518.0
211,"[[-0.12795288]
 [ 0.26719496]
 [-0.95510989]]",881.0,511.0
212,"[[-0.1200272 ]
 [ 0.28490135]
 [-0.95101246]]",883.0,518.0
213,"[[-0.10793176]
 [ 0.28739076]
 [-0.95171282]]",876.0,526.0
214,"[[-0.10875099]
 [ 0.29520177]
 [-0.94922555]]",871.0,538.0
215,"[[-0.14300691]
 [ 0.26309525]
 [-0.95411211]]",891.0,524.0
216,"[[-0.1234929 ]
 [ 0.28146741]
 [-0.95159109]]",892.0,526.0
217,"[[-0.11737634]
 [ 0.29599598]
 [-0.94794998]]",890.0,538.0
218,"[[-0.09769036]
 [ 0.29171432]
 [-0.95150373]]",874.0,544.0
219,"[[-0.11043502]
 [ 0.28352118]
 [-0.95258587]]",872.0,544.0
220,"[[-0.10511155]
 [ 0.28837722]
 [-0.95173008]]",867.0,547.0
221,"[[-0.11887048]
 [ 0.27843774]
 [-0.9530699 ]]",873.0,541.0
222,"[[-0.10916494]
 [ 0.29384776]
 [-0.94959808]]",870.0,548.0
223,"[[-0.11716869]
 [ 0.30617907]
 [-0.94473588]]",874.0,561.0
224,"[[-0.0960961 ]
 [ 0.30175745]
 [-0.94852938]]",862.0,567.0
225,"[[-0.08900472]
 [ 0.30151246]
 [-0.9492989 ]]",848.0,571.0
226,"[[-0.09471054]
 [ 0.29126976]
 [-0.95194109]]",842.0,568.0
227,"[[-0.09397121]
 [ 0.29774367]
 [-0.95000954]]",837.0,570.0
228,"[[-0.12723718]
 [ 0.29531496]
 [-0.94688953]]",857.0,570.0
229,"[[-0.14033479]
 [ 0.25041843]
 [-0.95791271]]",879.0,538.0
230,"[[-0.13820898]
 [ 0.25167696]
 [-0.95789195]]",893.0,514.0
231,"[[-0.11469022]
 [ 0.28254518]
 [-0.95237302]]",888.0,519.0
232,"[[-0.11096587]
 [ 0.2934249 ]
 [-0.94952009]]",882.0,531.0
233,"[[-0.10019593]
 [ 0.26479222]
 [-0.95908595]]",870.0,519.0
234,"[[-0.10568706]
 [ 0.27367751]
 [-0.95599732]]",864.0,516.0
235,"[[-0.09377194]
 [ 0.2364618 ]
 [-0.96710529]]",851.0,486.0
236,"[[-0.10175975]
 [ 0.25773749]
 [-0.96084147]]",847.0,480.0
237,"[[-0.10708378]
 [ 0.2436745 ]
 [-0.96392728]]",849.0,465.0
238,"[[-0.10049975]
 [ 0.24731167]
 [-0.96370988]]",845.0,456.0
239,"[[-0.13897828]
 [ 0.20191087]
 [-0.96949319]]",868.0,419.0
240,"[[-0.10072347]
 [ 0.24698188]
 [-0.9637711 ]]",859.0,422.0
241,"[[-0.11940387]
 [ 0.18588936]
 [-0.9752886 ]]",865.0,382.0
242,"[[-0.14873968]
 [ 0.16780984]
 [-0.97453392]]",889.0,341.0
243,"[[-0.13516746]
 [ 0.19177231]
 [-0.972087  ]]",897.0,326.0
244,"[[-0.13534239]
 [ 0.18188356]
 [-0.9739614 ]]",903.0,309.0
245,"[[-0.13254148]
 [ 0.16343132]
 [-0.97761084]]",904.0,284.0
246,"[[-0.1337498 ]
 [ 0.17030827]
 [-0.97627152]]",906.0,270.0
247,"[[-0.13474035]
 [ 0.14389121]
 [-0.98037766]]",908.0,240.0
248,"[[-0.12802216]
 [ 0.16298083]
 [-0.97828808]]",905.0,232.0
249,"[[-0.13375457]
 [ 0.15374706]
 [-0.97901561]]",907.0,220.0
250,"[[-0.14306251]
 [ 0.15945897]
 [-0.97678347]]",915.0,215.0
251,"[[-0.16249789]
 [ 0.10714863]
 [-0.9808739 ]]",932.0,177.0
252,"[[-0.16078283]
 [ 0.12559261]
 [-0.97896648]]",945.0,162.0
253,"[[-0.13133753]
 [ 0.07693813]
 [-0.9883476 ]]",933.0,118.0
254,"[[-0.14146586]
 [ 0.10675188]
 [-0.98417043]]",931.0,105.0
255,"[[-0.14645058]
 [ 0.1129273 ]
 [-0.98275106]]",934.0,100.0
256,"[[-0.13118681]
 [ 0.12525867]
 [-0.98341257]]",926.0,105.0
257,"[[-0.11897966]
 [ 0.11708385]
 [-0.98596917]]",912.0,102.0
258,"[[-0.14525343]
 [ 0.10211912]
 [-0.98411032]]",919.0,91.0
259,"[[-0.14349418]
 [ 0.12430507]
 [-0.98181346]]",923.0,98.0
260,"[[-0.12170436]
 [ 0.16767065]
 [-0.9783019 ]]",912.0,132.0
261,"[[-0.13230027]
 [ 0.2160541 ]
 [-0.96737648]]",912.0,192.0
262,"[[-0.12890829]
 [ 0.24851348]
 [-0.96001234]]",911.0,258.0
263,"[[-0.11256229]
 [ 0.26365659]
 [-0.95802658]]",899.0,316.0
264,"[[-0.1282561 ]
 [ 0.24535292]
 [-0.96091223]]",901.0,347.0
265,"[[-0.08353317]
 [ 0.27928097]
 [-0.95656905]]",873.0,393.0
266,"[[-0.07929487]
 [ 0.27598281]
 [-0.95788612]]",849.0,424.0
267,"[[-0.08714739]
 [ 0.29293861]
 [-0.95215141]]",838.0,459.0
268,"[[-0.09758113]
 [ 0.27592895]
 [-0.95621187]]",836.0,474.0
269,"[[-0.10778019]
 [ 0.28181112]
 [-0.95339704]]",841.0,489.0
270,"[[-0.13864537]
 [ 0.2826139 ]
 [-0.94916113]]",867.0,502.0
271,"[[-0.11866424]
 [ 0.27874372]
 [-0.95300616]]",872.0,507.0
272,"[[-0.08669376]
 [ 0.29209469]
 [-0.95245204]]",853.0,521.0
273,"[[-0.09221577]
 [ 0.28669974]
 [-0.95357198]]",844.0,527.0
274,"[[-0.08198118]
 [ 0.2981172 ]
 [-0.95100222]]",831.0,540.0
275,"[[-0.07959026]
 [ 0.29315814]
 [-0.95274535]]",819.0,545.0
276,"[[-0.07475377]
 [ 0.30793369]
 [-0.94846651]]",807.0,560.0
277,"[[-0.11160712]
 [ 0.30018214]
 [-0.94733021]]",824.0,566.0
278,"[[-0.11423739]
 [ 0.3046667 ]
 [-0.94558343]]",839.0,573.0
279,"[[-0.12110096]
 [ 0.29325146]
 [-0.9483344 ]]",854.0,570.0
280,"[[-0.129794  ]
 [ 0.2969369 ]
 [-0.94603488]]",870.0,571.0
281,"[[-0.08613699]
 [ 0.30128572]
 [-0.94963537]]",853.0,574.0
282,"[[-0.08511676]
 [ 0.30323403]
 [-0.94910709]]",839.0,577.0
283,"[[-0.08906417]
 [ 0.30013036]
 [-0.94973119]]",832.0,578.0
284,"[[-0.08993751]
 [ 0.29551582]
 [-0.95109497]]",828.0,575.0
285,"[[-0.07106793]
 [ 0.29445892]
 [-0.95301799]]",811.0,572.0
286,"[[-0.07777886]
 [ 0.2978712 ]
 [-0.95143218]]",804.0,572.0
287,"[[-0.06351781]
 [ 0.30751028]
 [-0.94942241]]",788.0,580.0
288,"[[-0.07904876]
 [ 0.30866633]
 [-0.94787994]]",788.0,587.0
289,"[[-0.07955244]
 [ 0.29948887]
 [-0.95077748]]",788.0,584.0
290,"[[-0.11584527]
 [ 0.29067848]
 [-0.94978202]]",813.0,577.0
291,"[[-0.0731592 ]
 [ 0.31301482]
 [-0.94692632]]",802.0,586.0
292,"[[-0.03474267]
 [ 0.31260081]
 [-0.94924901]]",767.0,592.0
293,"[[-0.06015476]
 [ 0.3118194 ]
 [-0.94823524]]",759.0,596.0
294,"[[-0.07867022]
 [ 0.30893839]
 [-0.9478228 ]]",765.0,598.0
295,"[[-0.08118633]
 [ 0.32831581]
 [-0.94107253]]",772.0,611.0
296,"[[-0.07131281]
 [ 0.32997627]
 [-0.94129174]]",770.0,623.0
297,"[[-0.08016513]
 [ 0.32616937]
 [-0.9419061 ]]",775.0,630.0
298,"[[-0.04935413]
 [ 0.325185  ]
 [-0.94436163]]",757.0,634.0
299,"[[-0.06158377]
 [ 0.30459623]
 [-0.9504886 ]]",753.0,621.0
300,"[[-0.07698796]
 [ 0.28302387]
 [-0.95601796]]",759.0,597.0
301,"[[-0.03193504]
 [ 0.24117954]
 [-0.96995494]]",733.0,548.0
302,"[[-0.03957198]
 [ 0.25263031]
 [-0.96675332]]",719.0,521.0
303,"[[-0.09027793]
 [ 0.30343897]
 [-0.94856454]]",744.0,540.0
304,"[[-0.1233396 ]
 [ 0.35226835]
 [-0.92773614]]",787.0,592.0
305,"[[-0.10616456]
 [ 0.34886224]
 [-0.93114136]]",807.0,629.0
306,"[[-0.12445909]
 [ 0.35547042]
 [-0.92636425]]",834.0,662.0
307,"[[-0.11780698]
 [ 0.3777633 ]
 [-0.91837705]]",851.0,704.0
308,"[[-0.1236207 ]
 [ 0.37704097]
 [-0.9179096 ]]",867.0,735.0
309,"[[-0.12004372]
 [ 0.37917737]
 [-0.91750424]]",876.0,758.0
310,"[[-0.1072699 ]
 [ 0.38094604]
 [-0.91835357]]",873.0,775.0
311,"[[-0.11441517]
 [ 0.37948215]
 [-0.9180972 ]]",877.0,789.0
312,"[[-0.1192794 ]
 [ 0.38736409]
 [-0.91417804]]",883.0,806.0
313,"[[-0.07213887]
 [ 0.40175946]
 [-0.9128994 ]]",854.0,828.0
314,"[[-0.06639345]
 [ 0.39943865]
 [-0.9143526 ]]",829.0,843.0
315,"[[-0.08220211]
 [ 0.41175333]
 [-0.9075803 ]]",822.0,863.0
316,"[[-0.06993536]
 [ 0.39500589]
 [-0.91601277]]",808.0,865.0
317,"[[-0.07063318]
 [ 0.38965643]
 [-0.91824769]]",798.0,862.0
318,"[[-0.08090207]
 [ 0.39730883]
 [-0.91411189]]",799.0,866.0
319,"[[-0.08174908]
 [ 0.40192466]
 [-0.91201626]]",800.0,871.0
320,"[[-0.05201989]
 [ 0.40379354]
 [-0.91336997]]",779.0,876.0
321,"[[-0.07796895]
 [ 0.38832363]
 [-0.91821871]]",782.0,867.0
322,"[[-0.09480414]
 [ 0.37487163]
 [-0.92221659]]",796.0,849.0
323,"[[-0.09991155]
 [ 0.36857927]
 [-0.92421156]]",810.0,833.0
324,"[[-0.1026758 ]
 [ 0.34262481]
 [-0.9338447 ]]",822.0,802.0
325,"[[-0.06376661]
 [ 0.32583908]
 [-0.94327234]]",803.0,762.0
326,"[[-0.06155687]
 [ 0.27856128]
 [-0.95844372]]",786.0,698.0
327,"[[-0.05140279]
 [ 0.29745086]
 [-0.95335237]]",767.0,664.0
328,"[[-0.05188345]
 [ 0.29674222]
 [-0.95354715]]",754.0,639.0
329,"[[-0.09224141]
 [ 0.2879599 ]
 [-0.95318971]]",772.0,614.0
330,"[[-0.07204234]
 [ 0.30252581]
 [-0.95041467]]",771.0,605.0
331,"[[-0.10034722]
 [ 0.30980265]
 [-0.94549075]]",791.0,606.0
332,"[[-0.08265124]
 [ 0.32002083]
 [-0.94379841]]",792.0,614.0
333,"[[-0.07781326]
 [ 0.32900616]
 [-0.94111638]]",791.0,626.0
334,"[[-0.080718  ]
 [ 0.31176199]
 [-0.94672545]]",791.0,622.0
335,"[[-0.09919631]
 [ 0.32000903]
 [-0.94220715]]",804.0,625.0
336,"[[-0.13111208]
 [ 0.30597353]
 [-0.94296862]]",836.0,618.0
337,"[[-0.10712672]
 [ 0.33232646]
 [-0.93706083]]",843.0,631.0
338,"[[-0.09281781]
 [ 0.32677637]
 [-0.94053286]]",838.0,638.0
339,"[[-0.09318642]
 [ 0.33269066]
 [-0.9384206 ]]",835.0,648.0
340,"[[-0.10569762]
 [ 0.33004936]
 [-0.93802742]]",842.0,653.0
341,"[[-0.11199616]
 [ 0.30350329]
 [-0.94622546]]",851.0,637.0
342,"[[-0.10005335]
 [ 0.2914506 ]
 [-0.95133899]]",848.0,616.0
343,"[[-0.12788461]
 [ 0.28649531]
 [-0.94950827]]",866.0,598.0
344,"[[-0.10570509]
 [ 0.29729469]
 [-0.94891638]]",863.0,592.0
345,"[[-0.12002746]
 [ 0.30511487]
 [-0.9447213 ]]",872.0,594.0
346,"[[-0.09123308]
 [ 0.29718054]
 [-0.95045266]]",858.0,588.0
347,"[[-0.11215229]
 [ 0.27931364]
 [-0.95362768]]",861.0,572.0
348,"[[-0.12687771]
 [ 0.255766  ]
 [-0.95837665]]",874.0,543.0
349,"[[-0.13220981]
 [ 0.27783216]
 [-0.95148823]]",887.0,538.0
350,"[[-0.11544653]
 [ 0.29097592]
 [-0.9497395 ]]",885.0,543.0
351,"[[-0.0749959 ]
 [ 0.29087175]
 [-0.95381824]]",855.0,546.0
352,"[[-0.08045768]
 [ 0.29887656]
 [-0.95089398]]",838.0,555.0
353,"[[-0.10914255]
 [ 0.2738449 ]
 [-0.95556103]]",845.0,542.0
354,"[[-0.08890631]
 [ 0.28001222]
 [-0.95587072]]",836.0,538.0
355,"[[-0.08512738]
 [ 0.28439943]
 [-0.954919  ]]",827.0,538.0
356,"[[-0.06055388]
 [ 0.2964185 ]
 [-0.95313656]]",804.0,547.0
357,"[[-0.07766408]
 [ 0.30118606]
 [-0.95039742]]",798.0,557.0
358,"[[-0.07724039]
 [ 0.30462609]
 [-0.94933496]]",794.0,568.0
359,"[[-0.07540251]
 [ 0.2786734 ]
 [-0.95742133]]",789.0,555.0
360,"[[-0.04945259]
 [ 0.30406209]
 [-0.9513678 ]]",768.0,565.0
361,"[[-0.13303201]
 [ 0.29626983]
 [-0.9457942 ]]",810.0,567.0
362,"[[-0.1418646 ]
 [ 0.27977265]
 [-0.94952709]]",846.0,557.0
363,"[[-0.11809371]
 [ 0.27996925]
 [-0.95271774]]",856.0,549.0
364,"[[-0.11200212]
 [ 0.27910481]
 [-0.95370647]]",859.0,543.0
365,"[[-0.11352354]
 [ 0.24594066]
 [-0.96261394]]",861.0,513.0
366,"[[-0.10408654]
 [ 0.27429795]
 [-0.9559951 ]]",857.0,511.0
367,"[[-0.10858739]
 [ 0.26978163]
 [-0.95677931]]",856.0,506.0
368,"[[-0.14741728]
 [ 0.21357131]
 [-0.96574088]]",881.0,463.0
369,"[[-0.15378067]
 [ 0.22570923]
 [-0.96198069]]",905.0,441.0
370,"[[-0.15622069]
 [ 0.22727421]
 [-0.96121877]]",923.0,425.0
371,"[[-0.14908734]
 [ 0.21520243]
 [-0.96512221]]",931.0,405.0
372,"[[-0.15171825]
 [ 0.22455068]
 [-0.96257912]]",939.0,397.0
373,"[[-0.1691612 ]
 [ 0.20329261]
 [-0.96439442]]",957.0,377.0
374,"[[-0.15275248]
 [ 0.21714402]
 [-0.96411366]]",959.0,372.0
375,"[[-0.16390091]
 [ 0.2153658 ]
 [-0.96268067]]",968.0,366.0
376,"[[-0.14812138]
 [ 0.2080693 ]
 [-0.96683361]]",964.0,357.0
377,"[[-0.14788973]
 [ 0.21630537]
 [-0.9650599 ]]",961.0,356.0
378,"[[-0.15240928]
 [ 0.2146113 ]
 [-0.96473489]]",962.0,353.0
379,"[[-0.16514706]
 [ 0.1975197 ]
 [-0.96628796]]",970.0,340.0
380,"[[-0.18916991]
 [ 0.18949212]
 [-0.96348715]]",993.0,325.0
381,"[[-0.19887765]
 [ 0.15841018]
 [-0.96713696]]",1016.0,293.0
382,"[[-0.1993581 ]
 [ 0.14792103]
 [-0.96869795]]",1033.0,263.0
383,"[[-0.18422232]
 [ 0.14953768]
 [-0.97144255]]",1035.0,242.0
384,"[[-0.19302569]
 [ 0.15917028]
 [-0.96819724]]",1043.0,233.0
385,"[[-0.2160114 ]
 [ 0.17949265]
 [-0.95975073]]",1066.0,242.0
386,"[[-0.22249901]
 [ 0.16151706]
 [-0.96146057]]",1085.0,235.0
387,"[[-0.21010998]
 [ 0.15918027]
 [-0.96463228]]",1090.0,228.0
388,"[[-0.18346118]
 [ 0.19645427]
 [-0.96319661]]",1077.0,248.0
389,"[[-0.17782335]
 [ 0.19887768]
 [-0.96375647]]",1063.0,264.0
390,"[[-0.16590758]
 [ 0.20346812]
 [-0.96492248]]",1045.0,279.0
391,"[[-0.19530862]
 [ 0.18385818]
 [-0.96335389]]",1052.0,277.0
392,"[[-0.18365726]
 [ 0.16057516]
 [-0.96978638]]",1048.0,259.0
393,"[[-0.16809976]
 [ 0.2019011 ]
 [-0.96487223]]",1035.0,274.0
394,"[[-0.16934336]
 [ 0.20788785]
 [-0.96338231]]",1026.0,290.0
395,"[[-0.16424923]
 [ 0.2176255 ]
 [-0.96211295]]",1017.0,307.0
396,"[[-0.155177  ]
 [ 0.23534001]
 [-0.95944525]]",1005.0,334.0
397,"[[-0.133193  ]
 [ 0.22185321]
 [-0.96594036]]",981.0,344.0
398,"[[-0.13189422]
 [ 0.2393349 ]
 [-0.96193696]]",963.0,364.0
399,"[[-0.11708692]
 [ 0.26210755]
 [-0.95790933]]",941.0,395.0
400,"[[-0.13658692]
 [ 0.25131402]
 [-0.95821985]]",938.0,410.0
401,"[[-0.12880591]
 [ 0.2897568 ]
 [-0.9483934 ]]",932.0,450.0
402,"[[-0.13190161]
 [ 0.28848711]
 [-0.94835497]]",929.0,477.0
403,"[[-0.14695124]
 [ 0.29330071]
 [-0.94465868]]",938.0,501.0
404,"[[-0.12885567]
 [ 0.30420124]
 [-0.94385265]]",932.0,526.0
405,"[[-0.11649087]
 [ 0.31612962]
 [-0.94153701]]",920.0,553.0
406,"[[-0.13678685]
 [ 0.30199099]
 [-0.94344624]]",924.0,563.0
407,"[[-0.14692595]
 [ 0.29712555]
 [-0.94346657]]",934.0,566.0
408,"[[-0.14795055]
 [ 0.29022697]
 [-0.94545171]]",943.0,564.0
409,"[[-0.13232346]
 [ 0.30762268]
 [-0.94226259]]",938.0,576.0
410,"[[-0.12719691]
 [ 0.28778372]
 [-0.94921098]]",931.0,569.0
411,"[[-0.11484121]
 [ 0.29441068]
 [-0.94875384]]",917.0,568.0
412,"[[-0.10624638]
 [ 0.29027667]
 [-0.95102637]]",900.0,565.0
413,"[[-0.08247824]
 [ 0.29167124]
 [-0.95295605]]",872.0,563.0
414,"[[-0.07964254]
 [ 0.29418092]
 [-0.95242567]]",849.0,562.0
415,"[[-0.08633857]
 [ 0.2837964 ]
 [-0.95498966]]",837.0,554.0
416,"[[-0.09760404]
 [ 0.287076  ]
 [-0.95292225]]",836.0,552.0
417,"[[-0.07675464]
 [ 0.33072377]
 [-0.94060115]]",822.0,584.0
418,"[[-0.08639316]
 [ 0.31313241]
 [-0.94577181]]",818.0,594.0
419,"[[-0.0916247 ]
 [ 0.31239152]
 [-0.94552443]]",819.0,599.0
420,"[[-0.08869227]
 [ 0.32057012]
 [-0.94306335]]",817.0,610.0
421,"[[-0.09444506]
 [ 0.28769179]
 [-0.95305486]]",820.0,592.0
422,"[[-0.10478287]
 [ 0.27966169]
 [-0.9543636 ]]",829.0,574.0
423,"[[-0.12109504]
 [ 0.2883119 ]
 [-0.94984853]]",846.0,566.0
424,"[[-0.09162753]
 [ 0.29792042]
 [-0.95018304]]",839.0,566.0
425,"[[-0.07715042]
 [ 0.30327954]
 [-0.94977331]]",824.0,569.0
426,"[[-0.0644379 ]
 [ 0.28498064]
 [-0.95636488]]",804.0,560.0
427,"[[-0.09490637]
 [ 0.28052943]
 [-0.95514189]]",810.0,551.0
428,"[[-0.06380871]
 [ 0.30845464]
 [-0.94909651]]",793.0,564.0
429,"[[-0.09406646]
 [ 0.25857914]
 [-0.96139915]]",801.0,537.0
430,"[[-0.09899738]
 [ 0.27088666]
 [-0.95750715]]",810.0,526.0
431,"[[-0.12071175]
 [ 0.29949588]
 [-0.94643061]]",832.0,540.0
432,"[[-0.1046641 ]
 [ 0.32380423]
 [-0.9403171 ]]",838.0,569.0
433,"[[-0.09858407]
 [ 0.33437492]
 [-0.93726975]]",837.0,597.0
434,"[[-0.1198893 ]
 [ 0.38317438]
 [-0.91586241]]",853.0,658.0
435,"[[-0.11942761]
 [ 0.38111438]
 [-0.9167818 ]]",865.0,701.0
436,"[[-0.14495577]
 [ 0.37521324]
 [-0.91553419]]",891.0,729.0
437,"[[-0.16805047]
 [ 0.36680484]
 [-0.91499358]]",927.0,743.0
438,"[[-0.13544738]
 [ 0.38048491]
 [-0.91481432]]",930.0,762.0
439,"[[-0.18615099]
 [ 0.38341397]
 [-0.90462232]]",969.0,781.0
440,"[[-0.18886647]
 [ 0.38730526]
 [-0.90239908]]",1000.0,799.0
441,"[[-0.17342626]
 [ 0.40832201]
 [-0.89621229]]",1013.0,831.0
442,"[[-0.17135679]
 [ 0.41404307]
 [-0.89398276]]",1021.0,859.0
443,"[[-0.15788303]
 [ 0.4145196 ]
 [-0.89624018]]",1018.0,881.0
444,"[[-0.13554221]
 [ 0.41312331]
 [-0.90053176]]",998.0,893.0
445,"[[-0.16510239]
 [ 0.3692974 ]
 [-0.91452754]]",1004.0,866.0
446,"[[-0.18222569]
 [ 0.36238832]
 [-0.91403966]]",1020.0,842.0
447,"[[-0.19491864]
 [ 0.3713445 ]
 [-0.90780504]]",1042.0,834.0
448,"[[-0.21481243]
 [ 0.3654069 ]
 [-0.90572259]]",1073.0,823.0
449,"[[-0.18698891]
 [ 0.37894804]
 [-0.9063297 ]]",1075.0,825.0
450,"[[-0.18464801]
 [ 0.38854816]
 [-0.90273774]]",1076.0,834.0
451,"[[-0.19935909]
 [ 0.39072142]
 [-0.89866163]]",1087.0,844.0
452,"[[-0.22833189]
 [ 0.37056123]
 [-0.90030491]]",1117.0,837.0
453,"[[-0.21043942]
 [ 0.39188839]
 [-0.89562199]]",1127.0,848.0
454,"[[-0.21698569]
 [ 0.37356233]
 [-0.90186939]]",1137.0,840.0
455,"[[-0.21916223]
 [ 0.36989981]
 [-0.90285218]]",1145.0,831.0
456,"[[-0.18043089]
 [ 0.34715703]
 [-0.9202862 ]]",1121.0,803.0
457,"[[-0.14218008]
 [ 0.32308884]
 [-0.93562729]]",1074.0,762.0
458,"[[-0.11309066]
 [ 0.31950594]
 [-0.9408116 ]]",1020.0,728.0
459,"[[-0.10895928]
 [ 0.33160605]
 [-0.93710475]]",978.0,713.0
460,"[[-0.10335184]
 [ 0.32588326]
 [-0.93974385]]",944.0,696.0
461,"[[-0.10867763]
 [ 0.30639324]
 [-0.9456809 ]]",922.0,669.0
462,"[[-0.13279439]
 [ 0.30702705]
 [-0.9423906 ]]",923.0,651.0
463,"[[-0.12481014]
 [ 0.31617373]
 [-0.94045553]]",918.0,645.0
464,"[[-0.10913286]
 [ 0.33109188]
 [-0.93726634]]",904.0,652.0
465,"[[-0.09856949]
 [ 0.30604562]
 [-0.94690028]]",886.0,637.0
466,"[[-0.10771834]
 [ 0.30514983]
 [-0.94619255]]",879.0,627.0
467,"[[-0.09277804]
 [ 0.32145044]
 [-0.94237034]]",863.0,632.0
468,"[[-0.11372207]
 [ 0.31634918]
 [-0.94180172]]",867.0,632.0
469,"[[-0.14685639]
 [ 0.26486085]
 [-0.95303826]]",891.0,593.0
470,"[[-0.14942901]
 [ 0.27524551]
 [-0.94968989]]",910.0,572.0
471,"[[-0.11287319]
 [ 0.27352345]
 [-0.95521964]]",899.0,555.0
472,"[[-0.10558214]
 [ 0.29482692]
 [-0.94969969]]",887.0,558.0
473,"[[-0.1131423 ]
 [ 0.30119849]
 [-0.94682537]]",883.0,563.0
474,"[[-0.10215842]
 [ 0.29477618]
 [-0.95008982]]",873.0,564.0
475,"[[-0.11791415]
 [ 0.29069476]
 [-0.94952241]]",876.0,562.0
476,"[[-0.13874518]
 [ 0.26302539]
 [-0.9547604 ]]",893.0,541.0
477,"[[-0.14238862]
 [ 0.27744588]
 [-0.95013118]]",908.0,536.0
478,"[[-0.11292114]
 [ 0.28979079]
 [-0.95040524]]",899.0,541.0
479,"[[-0.12794939]
 [ 0.2990301 ]
 [-0.94562675]]",903.0,552.0
480,"[[-0.134262  ]
 [ 0.28801106]
 [-0.94816842]]",911.0,552.0
481,"[[-0.0963469 ]
 [ 0.32644265]
 [-0.94029382]]",891.0,580.0
482,"[[-0.09988935]
 [ 0.32820347]
 [-0.93931071]]",879.0,601.0
483,"[[-0.08068491]
 [ 0.31994659]
 [-0.94399371]]",857.0,610.0
484,"[[-0.07577282]
 [ 0.3250619 ]
 [-0.94265224]]",837.0,619.0
485,"[[-0.07177131]
 [ 0.31199625]
 [-0.94736858]]",820.0,616.0
486,"[[-0.08016818]
 [ 0.31705794]
 [-0.94501181]]",813.0,619.0
487,"[[-0.11486938]
 [ 0.31423093]
 [-0.94237145]]",832.0,620.0
488,"[[-0.10374425]
 [ 0.33210151]
 [-0.93752105]]",838.0,633.0
489,"[[-0.1100418 ]
 [ 0.31807916]
 [-0.94165623]]",845.0,631.0
490,"[[-0.10327618]
 [ 0.33213126]
 [-0.93756219]]",847.0,641.0
491,"[[-0.11989836]
 [ 0.30820138]
 [-0.94373529]]",859.0,630.0
492,"[[-0.12939976]
 [ 0.31559751]
 [-0.94002868]]",874.0,628.0
493,"[[-0.11618164]
 [ 0.28638519]
 [-0.95104435]]",876.0,605.0
494,"[[-0.11158619]
 [ 0.28253684]
 [-0.95274417]]",873.0,585.0
495,"[[-0.10271669]
 [ 0.30418359]
 [-0.94705946]]",866.0,586.0
496,"[[-0.14268593]
 [ 0.28401415]
 [-0.94814381]]",888.0,573.0
497,"[[-0.12168567]
 [ 0.29373912]
 [-0.9481086 ]]",889.0,570.0
498,"[[-0.09714761]
 [ 0.28771668]
 [-0.95277566]]",873.0,562.0
499,"[[-0.09977245]
 [ 0.31417961]
 [-0.94410626]]",863.0,577.0
500,"[[-0.07714089]
 [ 0.38994485]
 [-0.91760138]]",842.0,649.0
501,"[[-0.04950886]
 [ 0.40602848]
 [-0.91251835]]",807.0,715.0
502,"[[-0.07385797]
 [ 0.39895773]
 [-0.91399   ]]",799.0,759.0
503,"[[-0.08763555]
 [ 0.37636763]
 [-0.92231633]]",803.0,772.0
504,"[[-0.07061452]
 [ 0.37094986]
 [-0.92596425]]",793.0,778.0
505,"[[-0.07355543]
 [ 0.3588383 ]
 [-0.930497  ]]",788.0,772.0
506,"[[-0.04177901]
 [ 0.37590342]
 [-0.92571655]]",762.0,782.0
507,"[[-0.03989848]
 [ 0.35376378]
 [-0.93448344]]",741.0,772.0
508,"[[-0.04110678]
 [ 0.37743265]
 [-0.92512422]]",727.0,782.0
509,"[[-0.08224125]
 [ 0.375285  ]
 [-0.92325378]]",746.0,790.0
510,"[[-0.07435039]
 [ 0.36072923]
 [-0.92970234]]",754.0,784.0
511,"[[-0.04923124]
 [ 0.36875847]
 [-0.9282206 ]]",742.0,784.0
512,"[[-0.00796315]
 [ 0.37168911]
 [-0.92832311]]",704.0,787.0
513,"[[-0.02700194]
 [ 0.38605694]
 [-0.92207968]]",689.0,800.0
514,"[[-0.04509026]
 [ 0.37907152]
 [-0.92426817]]",691.0,803.0
515,"[[-0.05521453]
 [ 0.37832994]
 [-0.92402263]]",700.0,806.0
516,"[[-0.07079877]
 [ 0.38423217]
 [-0.92051788]]",718.0,814.0
517,"[[-0.08108705]
 [ 0.37237918]
 [-0.92453158]]",738.0,809.0
518,"[[-0.06913408]
 [ 0.38953277]
 [-0.91841423]]",745.0,819.0
519,"[[-0.07486551]
 [ 0.37595049]
 [-0.92361052]]",753.0,814.0
520,"[[-0.0490265 ]
 [ 0.36393116]
 [-0.93013468]]",741.0,802.0
521,"[[-0.05723733]
 [ 0.34888581]
 [-0.93541573]]",738.0,780.0
522,"[[-0.08613588]
 [ 0.29175265]
 [-0.95260747]]",755.0,721.0
523,"[[-0.07932412]
 [ 0.2809379 ]
 [-0.95644215]]",762.0,669.0
524,"[[-0.08213056]
 [ 0.28693863]
 [-0.95442171]]",770.0,636.0
525,"[[-0.10760961]
 [ 0.30118416]
 [-0.94747468]]",793.0,622.0
526,"[[-0.11371147]
 [ 0.29093438]
 [-0.94996152]]",813.0,603.0
527,"[[-0.10167963]
 [ 0.29799783]
 [-0.94913568]]",820.0,595.0
528,"[[-0.11504035]
 [ 0.27173136]
 [-0.95547254]]",834.0,571.0
529,"[[-0.09489623]
 [ 0.27696767]
 [-0.95618179]]",831.0,557.0
530,"[[-0.09150118]
 [ 0.28598422]
 [-0.95385563]]",826.0,553.0
531,"[[-0.0576966 ]
 [ 0.26708652]
 [-0.96194381]]",800.0,535.0
532,"[[-0.07062013]
 [ 0.27135968]
 [-0.9598837 ]]",789.0,526.0
533,"[[-0.08330229]
 [ 0.26138785]
 [-0.96163253]]",789.0,511.0
534,"[[-0.09392934]
 [ 0.25507162]
 [-0.96234908]]",797.0,496.0
535,"[[-0.10967823]
 [ 0.25645535]
 [-0.96031315]]",814.0,485.0
536,"[[-0.09835042]
 [ 0.24648275]
 [-0.96414389]]",818.0,470.0
537,"[[-0.09477837]
 [ 0.25845884]
 [-0.96136158]]",819.0,467.0
538,"[[-0.0984452 ]
 [ 0.25619948]
 [-0.96159782]]",822.0,465.0
539,"[[-0.10458195]
 [ 0.24285828]
 [-0.96440784]]",828.0,455.0
540,"[[-0.09929582]
 [ 0.23616496]
 [-0.96662632]]",828.0,440.0
541,"[[-0.12053458]
 [ 0.25424947]
 [-0.95959816]]",844.0,443.0
542,"[[-0.09894316]
 [ 0.29194828]
 [-0.9513025 ]]",841.0,472.0
543,"[[-0.0965991 ]
 [ 0.29710999]
 [-0.94994435]]",838.0,499.0
544,"[[-0.10164441]
 [ 0.28774658]
 [-0.95229739]]",839.0,513.0
545,"[[-0.10925349]
 [ 0.26531189]
 [-0.95795265]]",844.0,506.0
546,"[[-0.09364354]
 [ 0.26642013]
 [-0.95929724]]",837.0,502.0
547,"[[-0.10030342]
 [ 0.27128106]
 [-0.95725953]]",837.0,503.0
548,"[[-0.09561673]
 [ 0.27931827]
 [-0.95542595]]",834.0,509.0
549,"[[-0.10139212]
 [ 0.263232  ]
 [-0.95938968]]",836.0,502.0
550,"[[-0.10133489]
 [ 0.27665941]
 [-0.95561018]]",837.0,506.0
551,"[[-0.09371889]
 [ 0.26152644]
 [-0.96063557]]",832.0,498.0
552,"[[-0.12106952]
 [ 0.24163027]
 [-0.96278605]]",847.0,478.0
553,"[[-0.09281865]
 [ 0.26912039]
 [-0.95862345]]",840.0,482.0
554,"[[-0.09254645]
 [ 0.28781049]
 [-0.95320526]]",834.0,500.0
555,"[[-0.09498293]
 [ 0.29035458]
 [-0.9521935 ]]",833.0,514.0
556,"[[-0.07808014]
 [ 0.29271703]
 [-0.95300589]]",820.0,526.0
557,"[[-0.07192971]
 [ 0.298501  ]
 [-0.95169494]]",806.0,538.0
558,"[[-0.07911586]
 [ 0.2926664 ]
 [-0.95293602]]",801.0,543.0
559,"[[-0.08005862]
 [ 0.29434079]
 [-0.95234139]]",798.0,547.0
560,"[[-0.09366487]
 [ 0.28428598]
 [-0.95415322]]",804.0,543.0
561,"[[-0.08957084]
 [ 0.28978364]
 [-0.95289166]]",807.0,545.0
562,"[[-0.0779464 ]
 [ 0.29045371]
 [-0.95370908]]",800.0,547.0
563,"[[-0.1078143 ]
 [ 0.26617524]
 [-0.9578762 ]]",815.0,531.0
564,"[[-0.08947562]
 [ 0.27641559]
 [-0.95686391]]",814.0,527.0
565,"[[-0.1183421 ]
 [ 0.26975521]
 [-0.95562925]]",833.0,519.0
566,"[[-0.10688975]
 [ 0.27165257]
 [-0.95644104]]",839.0,515.0
567,"[[-0.10803674]
 [ 0.2922544 ]
 [-0.95021862]]",844.0,526.0
568,"[[-0.11804249]
 [ 0.27479318]
 [-0.95422989]]",854.0,522.0
569,"[[-0.12654688]
 [ 0.26582852]
 [-0.95567834]]",868.0,514.0
570,"[[-0.13524383]
 [ 0.27929942]
 [-0.95063187]]",884.0,518.0
571,"[[-0.07512038]
 [ 0.3037327 ]
 [-0.94979123]]",854.0,536.0
572,"[[-0.06685605]
 [ 0.3147655 ]
 [-0.94681199]]",827.0,560.0
573,"[[-0.07680046]
 [ 0.30234324]
 [-0.95010013]]",814.0,567.0
574,"[[-0.07008062]
 [ 0.29445634]
 [-0.9530919 ]]",799.0,566.0
575,"[[-0.07754316]
 [ 0.2901511 ]
 [-0.95383405]]",794.0,563.0
576,"[[-0.08705476]
 [ 0.28397269]
 [-0.95487223]]",796.0,555.0
577,"[[-0.04550748]
 [ 0.30702131]
 [-0.950614  ]]",770.0,566.0
578,"[[-0.05528137]
 [ 0.31262554]
 [-0.94826644]]",757.0,579.0
579,"[[-0.02990342]
 [ 0.32349031]
 [-0.94575885]]",731.0,597.0
580,"[[-0.0420504 ]
 [ 0.30875651]
 [-0.95021113]]",720.0,598.0
581,"[[-0.0818111 ]
 [ 0.31688844]
 [-0.94492786]]",739.0,606.0
582,"[[-0.09142514]
 [ 0.3414314 ]
 [-0.93544965]]",761.0,631.0
583,"[[-0.09808228]
 [ 0.34296248]
 [-0.93421443]]",782.0,651.0
584,"[[-0.144138  ]
 [ 0.37098318]
 [-0.91738526]]",830.0,689.0
585,"[[-0.1451386 ]
 [ 0.36299222]
 [-0.92041916]]",866.0,711.0
586,"[[-0.1502321 ]
 [ 0.35905927]
 [-0.92114427]]",896.0,725.0
587,"[[-0.1811042 ]
 [ 0.36868553]
 [-0.91174133]]",941.0,744.0
588,"[[-0.18072779]
 [ 0.37621752]
 [-0.9087342 ]]",974.0,764.0
589,"[[-0.24535856]
 [ 0.37458402]
 [-0.8941398 ]]",1046.0,781.0
590,"[[-0.2594807 ]
 [ 0.34387905]
 [-0.90245054]]",1109.0,770.0
591,"[[-0.27191483]
 [ 0.33281296]
 [-0.90293846]]",1163.0,754.0
592,"[[-0.29207401]
 [ 0.33949518]
 [-0.89411174]]",1219.0,749.0
593,"[[-0.28008558]
 [ 0.33333441]
 [-0.90024455]]",1250.0,740.0
594,"[[-0.29890944]
 [ 0.32735099]
 [-0.89637853]]",1287.0,728.0
595,"[[-0.28728426]
 [ 0.3344176 ]
 [-0.8975704 ]]",1305.0,724.0
596,"[[-0.30192955]
 [ 0.30502356]
 [-0.90321602]]",1327.0,699.0
597,"[[-0.30262232]
 [ 0.29602313]
 [-0.90597463]]",1344.0,674.0
598,"[[-0.2848346 ]
 [ 0.30605268]
 [-0.90840575]]",1343.0,663.0
599,"[[-0.28315634]
 [ 0.33018134]
 [-0.90044588]]",1344.0,675.0
600,"[[-0.30014707]
 [ 0.30840058]
 [-0.90266318]]",1356.0,666.0
601,"[[-0.23394246]
 [ 0.31715824]
 [-0.9190656 ]]",1313.0,662.0
602,"[[-0.23305151]
 [ 0.30763403]
 [-0.92252279]]",1282.0,653.0
603,"[[-0.2617984 ]
 [ 0.28758085]
 [-0.92128109]]",1280.0,632.0
604,"[[-0.23615617]
 [ 0.30539706]
 [-0.9224765 ]]",1260.0,629.0
605,"[[-0.21345681]
 [ 0.31414954]
 [-0.92506554]]",1228.0,632.0
606,"[[-0.16335336]
 [ 0.30110568]
 [-0.93949511]]",1167.0,621.0
607,"[[-0.15190305]
 [ 0.31001147]
 [-0.93851923]]",1115.0,619.0
608,"[[-0.15616612]
 [ 0.31366107]
 [-0.93660497]]",1081.0,621.0
609,"[[-0.17831256]
 [ 0.30243045]
 [-0.93634419]]",1071.0,614.0
610,"[[-0.13814231]
 [ 0.31690507]
 [-0.93834316]]",1036.0,619.0
611,"[[-0.16775286]
 [ 0.26083661]
 [-0.95069619]]",1029.0,582.0
612,"[[-0.15357327]
 [ 0.29335571]
 [-0.94358766]]",1015.0,579.0
613,"[[-0.18227062]
 [ 0.27204447]
 [-0.94486466]]",1024.0,560.0
614,"[[-0.17760262]
 [ 0.27507885]
 [-0.94487509]]",1028.0,549.0
615,"[[-0.16410796]
 [ 0.26143564]
 [-0.9511677 ]]",1021.0,531.0
616,"[[-0.16290116]
 [ 0.27563871]
 [-0.94735765]]",1015.0,529.0
617,"[[-0.13224523]
 [ 0.25742699]
 [-0.95720559]]",989.0,512.0
618,"[[-0.1146336 ]
 [ 0.30443006]
 [-0.94561169]]",958.0,534.0
619,"[[-0.13625541]
 [ 0.29823918]
 [-0.94471575]]",951.0,545.0
620,"[[-0.12388633]
 [ 0.30870497]
 [-0.94305536]]",936.0,560.0
621,"[[-0.10799768]
 [ 0.23984055]
 [-0.96478651]]",914.0,520.0
622,"[[-0.1350299 ]
 [ 0.24634303]
 [-0.95973019]]",916.0,497.0
623,"[[-0.14813632]
 [ 0.25319904]
 [-0.95600517]]",927.0,485.0
624,"[[-0.14226866]
 [ 0.25032472]
 [-0.9576519 ]]",931.0,474.0
625,"[[-0.09445177]
 [ 0.26028158]
 [-0.96090185]]",901.0,472.0
626,"[[-0.09873183]
 [ 0.28282304]
 [-0.95407712]]",883.0,488.0
627,"[[-0.07298336]
 [ 0.28454384]
 [-0.95588087]]",853.0,499.0
628,"[[-0.12804204]
 [ 0.25145015]
 [-0.95936336]]",868.0,486.0
629,"[[-0.12351788]
 [ 0.28145117]
 [-0.95159265]]",877.0,498.0
630,"[[-0.1260568 ]
 [ 0.27839256]
 [-0.95215926]]",885.0,504.0
631,"[[-0.14898807]
 [ 0.27337177]
 [-0.95030018]]",906.0,505.0
632,"[[-0.1212974 ]
 [ 0.27598438]
 [-0.95347761]]",903.0,509.0
633,"[[-0.12191092]
 [ 0.27292157]
 [-0.95428064]]",901.0,509.0
634,"[[-0.14239205]
 [ 0.25495856]
 [-0.95641029]]",914.0,497.0
635,"[[-0.1433704 ]
 [ 0.26775282]
 [-0.95276091]]",924.0,497.0
636,"[[-0.11863313]
 [ 0.26769086]
 [-0.95617351]]",914.0,496.0
637,"[[-0.14296899]
 [ 0.27399549]
 [-0.95104487]]",924.0,502.0
638,"[[-0.14964621]
 [ 0.2627394 ]
 [-0.95319149]]",935.0,497.0
639,"[[-0.147294  ]
 [ 0.25739728]
 [-0.95501367]]",941.0,489.0
640,"[[-0.14139141]
 [ 0.2501438 ]
 [-0.95782908]]",941.0,478.0
641,"[[-0.11983292]
 [ 0.27272635]
 [-0.95459961]]",927.0,487.0
642,"[[-0.11386969]
 [ 0.25641703]
 [-0.9598354 ]]",912.0,481.0
643,"[[-0.11263927]
 [ 0.26701654]
 [-0.9570865 ]]",901.0,483.0
644,"[[-0.12433624]
 [ 0.27126152]
 [-0.95444103]]",900.0,488.0
645,"[[-0.11686253]
 [ 0.28197518]
 [-0.95227787]]",894.0,498.0
646,"[[-0.09634067]
 [ 0.27477622]
 [-0.95666948]]",875.0,500.0
647,"[[-0.0862691 ]
 [ 0.29557535]
 [-0.95141624]]",855.0,517.0
648,"[[-0.07487107]
 [ 0.29319218]
 [-0.95311734]]",833.0,527.0
649,"[[-0.08147949]
 [ 0.28196701]
 [-0.955958  ]]",820.0,527.0
650,"[[-0.0514983 ]
 [ 0.30311184]
 [-0.95156247]]",791.0,543.0
651,"[[-0.01354972]
 [ 0.33347404]
 [-0.94266191]]",744.0,576.0
652,"[[ 0.00296958]
 [ 0.33294528]
 [-0.94294147]]",698.0,600.0
653,"[[ 0.00363059]
 [ 0.3330999 ]
 [-0.94288455]]",664.0,618.0
654,"[[ 0.02368256]
 [ 0.31037194]
 [-0.95032015]]",626.0,615.0
655,"[[ 0.04672925]
 [ 0.32068091]
 [-0.94603389]]",582.0,621.0
656,"[[ 0.06431654]
 [ 0.3435687 ]
 [-0.93692259]]",537.0,643.0
657,"[[ 0.07101997]
 [ 0.33980413]
 [-0.93781092]]",500.0,656.0
658,"[[ 0.09042103]
 [ 0.32563872]
 [-0.9411607 ]]",460.0,653.0
659,"[[ 0.09829099]
 [ 0.32127198]
 [-0.94187218]]",425.0,648.0
660,"[[ 0.08547819]
 [ 0.31555846]
 [-0.94504833]]",408.0,639.0
661,"[[ 0.09247934]
 [ 0.30515099]
 [-0.94780296]]",391.0,626.0
662,"[[ 0.07766487]
 [ 0.29762154]
 [-0.95151962]]",390.0,611.0
663,"[[ 0.07813508]
 [ 0.30258579]
 [-0.94991408]]",388.0,603.0
664,"[[ 0.07232082]
 [ 0.31122212]
 [-0.94758139]]",391.0,603.0
665,"[[ 0.07874956]
 [ 0.30946972]
 [-0.94764286]]",389.0,602.0
666,"[[ 0.07841121]
 [ 0.30041923]
 [-0.95057876]]",388.0,593.0
667,"[[ 0.07405957]
 [ 0.30728307]
 [-0.94873194]]",390.0,593.0
668,"[[ 0.0885231 ]
 [ 0.30681305]
 [-0.94764414]]",381.0,593.0
669,"[[ 0.09181891]
 [ 0.30957274]
 [-0.94643225]]",372.0,594.0
670,"[[ 0.079324  ]
 [ 0.31048465]
 [-0.94726289]]",375.0,596.0
671,"[[ 0.08010575]
 [ 0.300447  ]
 [-0.95042867]]",376.0,592.0
672,"[[ 0.09094876]
 [ 0.29776395]
 [-0.9502973 ]]",369.0,586.0
673,"[[ 0.07140824]
 [ 0.2500568 ]
 [-0.96559436]]",378.0,546.0
674,"[[ 0.08425059]
 [ 0.25706524]
 [-0.96271455]]",376.0,522.0
675,"[[ 0.06961889]
 [ 0.27471973]
 [-0.95900067]]",384.0,517.0
676,"[[ 0.0784847 ]
 [ 0.30509862]
 [-0.94908113]]",384.0,537.0
677,"[[ 0.0892358 ]
 [ 0.30980533]
 [-0.94660321]]",377.0,555.0
678,"[[ 0.06584285]
 [ 0.28105061]
 [-0.9574316 ]]",388.0,545.0
679,"[[ 0.03997635]
 [ 0.26553724]
 [-0.96327144]]",414.0,526.0
680,"[[-0.06215816]
 [ 0.25059834]
 [-0.96609359]]",501.0,501.0
681,"[[-0.08849901]
 [ 0.28971645]
 [-0.95301223]]",583.0,512.0
682,"[[-0.0925303 ]
 [ 0.28501542]
 [-0.95404631]]",645.0,515.0
683,"[[-0.10187592]
 [ 0.2881876 ]
 [-0.95213928]]",698.0,521.0
684,"[[-0.11173277]
 [ 0.29865967]
 [-0.94779649]]",743.0,535.0
685,"[[-0.08007704]
 [ 0.29348358]
 [-0.95260435]]",754.0,541.0
686,"[[-0.09625957]
 [ 0.27043432]
 [-0.95791408]]",773.0,528.0
687,"[[-0.08635198]
 [ 0.26540616]
 [-0.9602619 ]]",780.0,515.0
688,"[[-0.08554179]
 [ 0.27202045]
 [-0.95848186]]",784.0,511.0
689,"[[-0.09577612]
 [ 0.2748269 ]
 [-0.95671161]]",795.0,510.0
690,"[[-0.08269566]
 [ 0.28284309]
 [-0.95559469]]",794.0,516.0
691,"[[-0.08151721]
 [ 0.25867699]
 [-0.96251813]]",792.0,501.0
692,"[[-0.07579526]
 [ 0.27051595]
 [-0.95972715]]",787.0,498.0
693,"[[-0.0926228 ]
 [ 0.2681222 ]
 [-0.95892205]]",796.0,496.0
694,"[[-0.08578533]
 [ 0.25259177]
 [-0.96376256]]",796.0,481.0
695,"[[-0.10759495]
 [ 0.25952496]
 [-0.95972398]]",812.0,475.0
696,"[[-0.11479646]
 [ 0.26776868]
 [-0.95661994]]",828.0,478.0
697,"[[-0.08128423]
 [ 0.30133694]
 [-0.9500468 ]]",818.0,506.0
698,"[[-0.08908601]
 [ 0.29879183]
 [-0.95015111]]",816.0,526.0
699,"[[-0.10656924]
 [ 0.27844801]
 [-0.95452067]]",826.0,525.0
700,"[[-0.10019277]
 [ 0.2867954 ]
 [-0.95273806]]",829.0,530.0
701,"[[-0.10829206]
 [ 0.29156865]
 [-0.95040021]]",836.0,536.0
702,"[[-0.09843324]
 [ 0.28790159]
 [-0.95258783]]",835.0,538.0
703,"[[-0.12569727]
 [ 0.26666261]
 [-0.95555808]]",851.0,523.0
704,"[[-0.1289637 ]
 [ 0.28213136]
 [-0.95066832]]",867.0,523.0
705,"[[-0.1401982 ]
 [ 0.28874302]
 [-0.94708602]]",886.0,530.0
706,"[[-0.10348061]
 [ 0.30971468]
 [-0.94518177]]",875.0,550.0
707,"[[-0.11641201]
 [ 0.30904839]
 [-0.94389477]]",876.0,565.0
708,"[[-0.1054179 ]
 [ 0.30874226]
 [-0.94528582]]",869.0,573.0
709,"[[-0.06573204]
 [ 0.26621641]
 [-0.96166944]]",836.0,548.0
710,"[[-0.07028916]
 [ 0.27639704]
 [-0.95846967]]",816.0,538.0
711,"[[-0.05587005]
 [ 0.26042603]
 [-0.96387594]]",791.0,520.0
712,"[[-0.05972307]
 [ 0.27814183]
 [-0.95868153]]",776.0,519.0
713,"[[-0.07418212]
 [ 0.28533213]
 [-0.95555355]]",775.0,524.0
714,"[[-0.0670448 ]
 [ 0.27525557]
 [-0.95903043]]",769.0,520.0
715,"[[-0.0661688 ]
 [ 0.27161039]
 [-0.96012993]]",764.0,515.0
716,"[[-0.06286056]
 [ 0.27259732]
 [-0.96007252]]",758.0,511.0
717,"[[-0.05880226]
 [ 0.27399762]
 [-0.95993104]]",751.0,510.0
718,"[[-0.05867898]
 [ 0.27442716]
 [-0.95981587]]",745.0,510.0
719,"[[-0.06706489]
 [ 0.2671252 ]
 [-0.96132535]]",747.0,505.0
720,"[[-0.06896803]
 [ 0.27466828]
 [-0.95906243]]",750.0,506.0
721,"[[-0.11432266]
 [ 0.28771942]
 [-0.9508669 ]]",783.0,518.0
722,"[[-0.12624127]
 [ 0.27184588]
 [-0.95402461]]",815.0,515.0
723,"[[-0.11668936]
 [ 0.27836508]
 [-0.95336062]]",832.0,518.0
724,"[[-0.16453999]
 [ 0.29703628]
 [-0.94058282]]",879.0,535.0
725,"[[-0.15152113]
 [ 0.32256667]
 [-0.93434046]]",905.0,568.0
726,"[[-0.1797129 ]
 [ 0.27305064]
 [-0.94506435]]",942.0,554.0
727,"[[-0.17127522]
 [ 0.23637933]
 [-0.95644634]]",962.0,518.0
728,"[[-0.20540377]
 [ 0.23167947]
 [-0.95085957]]",1001.0,489.0
729,"[[-0.20228651]
 [ 0.23709246]
 [-0.95019331]]",1027.0,471.0
730,"[[-0.18138526]
 [ 0.23452516]
 [-0.95503787]]",1031.0,454.0
731,"[[-0.23386119]
 [ 0.2704173 ]
 [-0.93390761]]",1072.0,470.0
732,"[[-0.24035446]
 [ 0.26607337]
 [-0.93350667]]",1107.0,478.0
733,"[[-0.26236868]
 [ 0.27248358]
 [-0.92569724]]",1149.0,489.0
734,"[[-0.28727685]
 [ 0.25405534]
 [-0.92354096]]",1196.0,485.0
735,"[[-0.2688725 ]
 [ 0.24564323]
 [-0.93132539]]",1217.0,475.0
736,"[[-0.28006669]
 [ 0.24408661]
 [-0.92843114]]",1241.0,467.0
737,"[[-0.28381487]
 [ 0.25219029]
 [-0.92512117]]",1262.0,468.0
738,"[[-0.27392654]
 [ 0.22703434]
 [-0.93456924]]",1268.0,450.0
739,"[[-0.30996451]
 [ 0.22125545]
 [-0.92464481]]",1301.0,435.0
740,"[[-0.31510338]
 [ 0.22140435]
 [-0.92287051]]",1329.0,425.0
741,"[[-0.26978209]
 [ 0.22002216]
 [-0.93744753]]",1314.0,414.0
742,"[[-0.25550803]
 [ 0.23616726]
 [-0.93751836]]",1294.0,417.0
743,"[[-0.26801985]
 [ 0.22067735]
 [-0.93779895]]",1288.0,408.0
744,"[[-0.26711582]
 [ 0.24264756]
 [-0.9326153 ]]",1283.0,417.0
745,"[[-0.25807076]
 [ 0.2329147 ]
 [-0.93763011]]",1272.0,416.0
746,"[[-0.27043056]
 [ 0.22530296]
 [-0.93600528]]",1272.0,410.0
747,"[[-0.14892923]
 [ 0.30044539]
 [-0.94210013]]",1188.0,455.0
748,"[[-0.11223735]
 [ 0.28706946]
 [-0.95131167]]",1100.0,478.0
749,"[[-0.12821491]
 [ 0.29832354]
 [-0.94581394]]",1048.0,502.0
750,"[[-0.10488803]
 [ 0.28244109]
 [-0.95353318]]",993.0,509.0
751,"[[-0.10834119]
 [ 0.28877966]
 [-0.95124576]]",956.0,518.0
752,"[[-0.09988173]
 [ 0.28289174]
 [-0.95393706]]",923.0,520.0
753,"[[-0.09159088]
 [ 0.26760639]
 [-0.95916523]]",893.0,511.0
754,"[[-0.09899277]
 [ 0.27864883]
 [-0.95527758]]",875.0,512.0
755,"[[-0.07586932]
 [ 0.29893425]
 [-0.95125294]]",848.0,527.0
756,"[[-0.08762889]
 [ 0.28381124]
 [-0.95486772]]",835.0,528.0
757,"[[-0.11134451]
 [ 0.27408849]
 [-0.95523709]]",841.0,521.0
758,"[[-0.12103442]
 [ 0.26001019]
 [-0.95799028]]",852.0,507.0
759,"[[-0.12352674]
 [ 0.27247405]
 [-0.95420073]]",862.0,505.0
760,"[[-0.13069887]
 [ 0.28843737]
 [-0.9485366 ]]",874.0,515.0
761,"[[-0.07528753]
 [ 0.25313911]
 [-0.96449592]]",845.0,496.0
762,"[[-0.07111288]
 [ 0.26970966]
 [-0.96031227]]",822.0,495.0
763,"[[-0.06088596]
 [ 0.29955152]
 [-0.95213538]]",799.0,517.0
764,"[[-0.06998853]
 [ 0.29559417]
 [-0.95274639]]",788.0,531.0
765,"[[-0.08594312]
 [ 0.31306638]
 [-0.94583467]]",792.0,554.0
766,"[[-0.05403242]
 [ 0.28703122]
 [-0.95639614]]",772.0,550.0
767,"[[-0.07541799]
 [ 0.27951499]
 [-0.95717475]]",772.0,543.0
768,"[[-0.06023094]
 [ 0.29122503]
 [-0.95475663]]",762.0,546.0
769,"[[-0.10089463]
 [ 0.2770723 ]
 [-0.95553713]]",782.0,538.0
770,"[[-0.08520075]
 [ 0.28868967]
 [-0.9536242 ]]",787.0,541.0
771,"[[-0.06235222]
 [ 0.30084527]
 [-0.95163245]]",774.0,551.0
772,"[[-0.04918458]
 [ 0.32086856]
 [-0.94584578]]",756.0,575.0
773,"[[-0.045668  ]
 [ 0.31088172]
 [-0.94935083]]",740.0,585.0
774,"[[-0.06288518]
 [ 0.2998327 ]
 [-0.95191691]]",740.0,584.0
775,"[[-0.05610634]
 [ 0.28706731]
 [-0.95626588]]",735.0,573.0
776,"[[-0.07704877]
 [ 0.29404942]
 [-0.9526796 ]]",746.0,569.0
777,"[[-0.07900674]
 [ 0.29121505]
 [-0.9533896 ]]",754.0,563.0
778,"[[-0.0864809 ]
 [ 0.31044643]
 [-0.94664886]]",766.0,572.0
779,"[[-0.09630306]
 [ 0.28746008]
 [-0.95293883]]",781.0,562.0
780,"[[-0.08575067]
 [ 0.30400257]
 [-0.94880412]]",785.0,567.0
781,"[[-0.0853708 ]
 [ 0.27883341]
 [-0.95653738]]",786.0,552.0
782,"[[-0.09846327]
 [ 0.28910735]
 [-0.95221947]]",797.0,548.0
783,"[[-0.11743946]
 [ 0.27596511]
 [-0.95396605]]",818.0,536.0
784,"[[-0.09404017]
 [ 0.292018  ]
 [-0.9517783 ]]",817.0,539.0
785,"[[-0.09302715]
 [ 0.31579745]
 [-0.94425522]]",817.0,559.0
786,"[[-0.11224396]
 [ 0.30816259]
 [-0.9446889 ]]",830.0,568.0
787,"[[-0.10592205]
 [ 0.28765375]
 [-0.95185915]]",835.0,560.0
788,"[[-0.09060025]
 [ 0.31394506]
 [-0.94510851]]",829.0,574.0
789,"[[-0.09410542]
 [ 0.29581165]
 [-0.95059962]]",827.0,572.0
790,"[[-0.09649138]
 [ 0.30948139]
 [-0.94599719]]",828.0,580.0
791,"[[-0.11396724]
 [ 0.27385295]
 [-0.9549953 ]]",840.0,561.0
792,"[[-0.11847757]
 [ 0.28216186]
 [-0.95202298]]",852.0,553.0
793,"[[-0.08974829]
 [ 0.28441064]
 [-0.95449245]]",841.0,548.0
794,"[[-0.0779716 ]
 [ 0.29696908]
 [-0.95169837]]",825.0,555.0
795,"[[-0.07324142]
 [ 0.28432957]
 [-0.95592489]]",811.0,550.0
796,"[[-0.09274126]
 [ 0.25695748]
 [-0.96196253]]",812.0,525.0
797,"[[-0.08451618]
 [ 0.2597391 ]
 [-0.96197329]]",808.0,509.0
798,"[[-0.07073418]
 [ 0.2589025 ]
 [-0.96331001]]",795.0,496.0
799,"[[-0.01942913]
 [ 0.2362845 ]
 [-0.97148965]]",751.0,470.0
800,"[[-0.00398296]
 [ 0.22987235]
 [-0.97321264]]",709.0,446.0
801,"[[ 0.01638177]
 [ 0.26157142]
 [-0.96504509]]",664.0,451.0
802,"[[ 0.00294198]
 [ 0.24352709]
 [-0.96988963]]",641.0,441.0
803,"[[ 0.01004203]
 [ 0.23874068]
 [-0.97103143]]",619.0,430.0
804,"[[ 0.01368601]
 [ 0.21632478]
 [-0.97622553]]",600.0,407.0
805,"[[ 0.0070004 ]
 [ 0.17891566]
 [-0.98383951]]",591.0,363.0
806,"[[ 0.02946557]
 [ 0.17822313]
 [-0.98354883]]",569.0,332.0
807,"[[ 0.01889099]
 [ 0.16907999]
 [-0.98542127]]",561.0,302.0
808,"[[ 0.04232048]
 [ 0.15534147]
 [-0.9869539 ]]",539.0,271.0
809,"[[ 0.03683183]
 [ 0.16163707]
 [-0.9861627 ]]",526.0,253.0
810,"[[ 0.02154936]
 [ 0.18498127]
 [-0.98250575]]",527.0,256.0
811,"[[ 0.0205654 ]
 [ 0.12770488]
 [-0.99159898]]",528.0,219.0
812,"[[ 0.05535613]
 [ 0.14869257]
 [-0.98733288]]",507.0,206.0
813,"[[ 0.04739949]
 [ 0.1629919 ]
 [-0.98548817]]",496.0,206.0
814,"[[ 0.04147956]
 [ 0.14638762]
 [-0.98835728]]",493.0,195.0
815,"[[ 0.02971738]
 [ 0.17530858]
 [-0.98406493]]",498.0,206.0
816,"[[ 0.01877335]
 [ 0.15816894]
 [-0.98723358]]",508.0,202.0
817,"[[ 0.01653324]
 [ 0.16317348]
 [-0.98645885]]",517.0,203.0
818,"[[ 0.02297361]
 [ 0.15928247]
 [-0.98696571]]",519.0,202.0
819,"[[ 0.04490811]
 [ 0.15676995]
 [-0.98661362]]",506.0,199.0
820,"[[ 0.0292396 ]
 [ 0.17126481]
 [-0.98479105]]",508.0,206.0
821,"[[ 0.03166874]
 [ 0.179089  ]
 [-0.98332305]]",507.0,217.0
822,"[[ 0.02193179]
 [ 0.18151779]
 [-0.98314307]]",513.0,226.0
823,"[[-0.05069466]
 [ 0.24588112]
 [-0.96797341]]",564.0,278.0
824,"[[-0.06154143]
 [ 0.27268992]
 [-0.96013169]]",610.0,337.0
825,"[[-0.05458034]
 [ 0.27437162]
 [-0.96007354]]",638.0,381.0
826,"[[-0.10580435]
 [ 0.25640191]
 [-0.96076194]]",693.0,401.0
827,"[[-0.11139274]
 [ 0.25107048]
 [-0.96153797]]",737.0,412.0
828,"[[-0.11744143]
 [ 0.24754402]
 [-0.96173253]]",773.0,417.0
829,"[[-0.10521322]
 [ 0.26680717]
 [-0.95798962]]",792.0,434.0
830,"[[-0.09357088]
 [ 0.25134223]
 [-0.96336471]]",797.0,436.0
831,"[[-0.07740193]
 [ 0.28256047]
 [-0.9561216 ]]",790.0,459.0
832,"[[-0.09998955]
 [ 0.28203433]
 [-0.95417961]]",801.0,475.0
833,"[[-0.09521259]
 [ 0.29088677]
 [-0.95200812]]",805.0,493.0
834,"[[-0.07570232]
 [ 0.28059542]
 [-0.95683612]]",795.0,499.0
835,"[[-0.07137541]
 [ 0.26485107]
 [-0.96164415]]",784.0,492.0
836,"[[-0.05345851]
 [ 0.27968227]
 [-0.95860316]]",764.0,497.0
837,"[[-0.1073016 ]
 [ 0.28522136]
 [-0.95243642]]",786.0,506.0
838,"[[-0.09318218]
 [ 0.27902997]
 [-0.95575068]]",793.0,508.0
839,"[[-0.07196466]
 [ 0.29518955]
 [-0.95272463]]",783.0,520.0
840,"[[-0.07789968]
 [ 0.28384457]
 [-0.95570074]]",781.0,522.0
841,"[[-0.06600444]
 [ 0.28152454]
 [-0.95728123]]",770.0,521.0
842,"[[-0.06311923]
 [ 0.28454842]
 [-0.9565815 ]]",761.0,522.0
843,"[[-0.07709262]
 [ 0.30032528]
 [-0.95071629]]",765.0,535.0
844,"[[-0.0664161 ]
 [ 0.31810208]
 [-0.94572722]]",760.0,558.0
845,"[[-0.06828393]
 [ 0.31342797]
 [-0.94715374]]",758.0,572.0
846,"[[-0.07214427]
 [ 0.32423586]
 [-0.94322124]]",760.0,589.0
847,"[[-0.09935389]
 [ 0.31333951]
 [-0.94442954]]",779.0,595.0
848,"[[-0.09761567]
 [ 0.30029832]
 [-0.94883724]]",792.0,590.0
849,"[[-0.09643351]
 [ 0.31107675]
 [-0.94547968]]",801.0,594.0
850,"[[-0.06975185]
 [ 0.30468561]
 [-0.94989544]]",789.0,591.0
851,"[[-0.09418672]
 [ 0.30396225]
 [-0.94801678]]",797.0,590.0
852,"[[-0.07884082]
 [ 0.30996468]
 [-0.9474735 ]]",792.0,593.0
853,"[[-0.10031006]
 [ 0.29621074]
 [-0.94984056]]",803.0,585.0
854,"[[-0.0973867 ]
 [ 0.32299372]
 [-0.94137712]]",810.0,599.0
855,"[[-0.07403408]
 [ 0.32327575]
 [-0.94340434]]",798.0,609.0
856,"[[-0.07871912]
 [ 0.30142256]
 [-0.95023562]]",792.0,599.0
857,"[[-0.08294848]
 [ 0.29822843]
 [-0.95088346]]",791.0,591.0
858,"[[-0.07254192]
 [ 0.30374838]
 [-0.94998663]]",783.0,590.0
859,"[[-0.05244749]
 [ 0.28377986]
 [-0.95745405]]",763.0,573.0
860,"[[-0.05860224]
 [ 0.28662057]
 [-0.95625019]]",753.0,562.0
861,"[[-0.07184607]
 [ 0.27960745]
 [-0.95742248]]",754.0,549.0
862,"[[-0.07476134]
 [ 0.29149669]
 [-0.95364586]]",757.0,548.0
863,"[[-0.08769802]
 [ 0.28689617]
 [-0.95393901]]",768.0,545.0
864,"[[-0.11369623]
 [ 0.299811  ]
 [-0.94719931]]",794.0,553.0
865,"[[-0.10476526]
 [ 0.29235337]
 [-0.95055444]]",807.0,551.0
866,"[[-0.10530397]
 [ 0.29143058]
 [-0.95077825]]",816.0,550.0
867,"[[-0.11682141]
 [ 0.29981984]
 [-0.94681615]]",832.0,556.0
868,"[[-0.10978833]
 [ 0.30629153]
 [-0.94558554]]",839.0,566.0
869,"[[-0.13173106]
 [ 0.29029983]
 [-0.94782537]]",859.0,562.0
870,"[[-0.10774484]
 [ 0.29061478]
 [-0.95075449]]",857.0,558.0
871,"[[-0.06455229]
 [ 0.32559632]
 [-0.94330273]]",826.0,581.0
872,"[[-0.0753245 ]
 [ 0.31539284]
 [-0.94596701]]",811.0,590.0
873,"[[-0.09250449]
 [ 0.29925064]
 [-0.94967993]]",812.0,585.0
874,"[[-0.09860468]
 [ 0.29527691]
 [-0.95030977]]",816.0,578.0
875,"[[-0.09408138]
 [ 0.29610497]
 [-0.95051067]]",816.0,572.0
876,"[[-0.08364645]
 [ 0.30664589]
 [-0.94814111]]",809.0,576.0
877,"[[-0.01694947]
 [ 0.27289689]
 [-0.96189397]]",759.0,554.0
878,"[[-0.02737731]
 [ 0.29225046]
 [-0.95594987]]",729.0,551.0
879,"[[-0.01856306]
 [ 0.29745593]
 [-0.95455507]]",701.0,554.0
880,"[[-0.03325454]
 [ 0.26666306]
 [-0.96321594]]",690.0,532.0
881,"[[ 0.03439638]
 [ 0.26906021]
 [-0.96250896]]",637.0,518.0
882,"[[ 0.04414987]
 [ 0.25537516]
 [-0.96583348]]",592.0,499.0
883,"[[ 0.04380809]
 [ 0.26651258]
 [-0.96283534]]",559.0,495.0
884,"[[ 0.04035247]
 [ 0.25770066]
 [-0.96538182]]",537.0,484.0
885,"[[ 0.0502822 ]
 [ 0.25908424]
 [-0.964545  ]]",515.0,478.0
886,"[[ 0.04769338]
 [ 0.26368062]
 [-0.96343026]]",500.0,477.0
887,"[[ 0.07356835]
 [ 0.25695499]
 [-0.96361913]]",472.0,471.0
888,"[[ 0.07005856]
 [ 0.2464556 ]
 [-0.96661856]]",454.0,459.0
889,"[[ 0.0921997 ]
 [ 0.268239  ]
 [-0.95893016]]",425.0,467.0
890,"[[ 0.11175017]
 [ 0.29190761]
 [-0.9498957 ]]",390.0,491.0
891,"[[ 0.11255187]
 [ 0.27250145]
 [-0.9555496 ]]",365.0,494.0
892,"[[ 0.11333173]
 [ 0.27135423]
 [-0.95578387]]",346.0,495.0
893,"[[ 0.10662848]
 [ 0.27949125]
 [-0.9542091 ]]",337.0,501.0
894,"[[ 0.11929535]
 [ 0.29248024]
 [-0.94880131]]",322.0,515.0
895,"[[ 0.11375206]
 [ 0.27676558]
 [-0.95418095]]",314.0,514.0
896,"[[ 0.11603658]
 [ 0.26638583]
 [-0.95685637]]",308.0,505.0
